3.15000000E+000 412.535
3.17500000E+000 370.102
3.20000000E+000 331.972
3.22500000E+000 297.692
3.25000000E+000 266.86
3.27500000E+000 239.118
3.30000000E+000 214.147
3.32500000E+000 191.663
3.35000000E+000 171.412
3.37500000E+000 153.168
3.40000000E+000 136.728
3.42500000E+000 121.912
3.45000000E+000 108.557
3.47500000E+000 96.5191
3.50000000E+000 85.668
3.52500000E+000 75.8871
3.55000000E+000 67.0718
3.57500000E+000 59.1282
3.60000000E+000 51.9716
3.62500000E+000 45.5262
3.65000000E+000 39.7235
3.67500000E+000 34.5019
3.70000000E+000 29.8059
3.72500000E+000 25.5855
3.75000000E+000 21.7954
3.77500000E+000 18.3949
3.80000000E+000 15.3471
3.82500000E+000 12.6186
3.85000000E+000 10.1793
3.87500000E+000 8.00201
3.90000000E+000 6.06194
3.92500000E+000 4.33673
3.95000000E+000 2.80611
3.97500000E+000 1.45167
4.00000000E+000 0.256724
4.02500000E+000 -0.765291
4.05000000E+000 -1.47801
4.07500000E+000 -1.95375
4.10000000E+000 -2.28987
4.12500000E+000 -2.53821
4.15000000E+000 -2.72703
4.17500000E+000 -2.87306
4.20000000E+000 -2.98693
4.22500000E+000 -3.07577
4.25000000E+000 -3.14461
4.27500000E+000 -3.19709
4.30000000E+000 -3.23596
4.32500000E+000 -3.26333
4.35000000E+000 -3.28085
4.37500000E+000 -3.28984
4.40000000E+000 -3.2914
4.42500000E+000 -3.28639
4.45000000E+000 -3.27557
4.47500000E+000 -3.25957
4.50000000E+000 -3.23891
4.52500000E+000 -3.21406
4.55000000E+000 -3.18542
4.57500000E+000 -3.15335
4.60000000E+000 -3.11816
4.62500000E+000 -3.08013
4.65000000E+000 -3.03951
4.67500000E+000 -2.99655
4.70000000E+000 -2.95145
4.72500000E+000 -2.9044
4.75000000E+000 -2.85561
4.77500000E+000 -2.80523
4.80000000E+000 -2.75345
4.82500000E+000 -2.70041
4.85000000E+000 -2.64628
4.87500000E+000 -2.5912
4.90000000E+000 -2.53532
4.92500000E+000 -2.47879
4.95000000E+000 -2.42176
4.97500000E+000 -2.36436
5.00000000E+000 -2.30674
5.02500000E+000 -2.24905
5.05000000E+000 -2.19144
5.07500000E+000 -2.13404
5.10000000E+000 -2.07701
5.12500000E+000 -2.0205
5.15000000E+000 -1.96466
5.17500000E+000 -1.90964
5.20000000E+000 -1.8556
5.22500000E+000 -1.80269
5.25000000E+000 -1.75106
5.27500000E+000 -1.70086
5.30000000E+000 -1.65223
5.32500000E+000 -1.6053
5.35000000E+000 -1.56022
5.37500000E+000 -1.51708
5.40000000E+000 -1.476
5.42500000E+000 -1.43707
5.45000000E+000 -1.40036
5.47500000E+000 -1.36593
5.50000000E+000 -1.33384
5.52500000E+000 -1.3041
5.55000000E+000 -1.27673
5.57500000E+000 -1.25173
5.60000000E+000 -1.22908
5.62500000E+000 -1.20874
5.65000000E+000 -1.19068
5.67500000E+000 -1.17483
5.70000000E+000 -1.16112
5.72500000E+000 -1.14949
5.75000000E+000 -1.13985
5.77500000E+000 -1.13211
5.80000000E+000 -1.12617
5.82500000E+000 -1.12195
5.85000000E+000 -1.11933
5.87500000E+000 -1.11821
5.90000000E+000 -1.1185
5.92500000E+000 -1.12009
5.95000000E+000 -1.12289
5.97500000E+000 -1.12678
6.00000000E+000 -1.13168
6.02500000E+000 -1.13749
6.05000000E+000 -1.14411
6.07500000E+000 -1.15147
6.10000000E+000 -1.15947
6.12500000E+000 -1.16804
6.15000000E+000 -1.17709
6.17500000E+000 -1.18656
6.20000000E+000 -1.19637
6.22500000E+000 -1.20645
6.25000000E+000 -1.21674
6.27500000E+000 -1.22718
6.30000000E+000 -1.2377
6.32500000E+000 -1.24826
6.35000000E+000 -1.25878
6.37500000E+000 -1.26923
6.40000000E+000 -1.27955
6.42500000E+000 -1.28968
6.45000000E+000 -1.29958
6.47500000E+000 -1.3092
6.50000000E+000 -1.3185
6.52500000E+000 -1.32742
6.55000000E+000 -1.33594
6.57500000E+000 -1.344
6.60000000E+000 -1.35158
6.62500000E+000 -1.35863
6.65000000E+000 -1.36514
6.67500000E+000 -1.37107
6.70000000E+000 -1.37639
6.72500000E+000 -1.3811
6.75000000E+000 -1.38518
6.77500000E+000 -1.38863
6.80000000E+000 -1.39143
6.82500000E+000 -1.3936
6.85000000E+000 -1.39514
6.87500000E+000 -1.39605
6.90000000E+000 -1.39637
6.92500000E+000 -1.3961
6.95000000E+000 -1.39528
6.97500000E+000 -1.39393
7.00000000E+000 -1.39208
7.02500000E+000 -1.38976
7.05000000E+000 -1.38701
7.07500000E+000 -1.38385
7.10000000E+000 -1.38033
7.12500000E+000 -1.37645
7.15000000E+000 -1.37224
7.17500000E+000 -1.36772
7.20000000E+000 -1.36288
7.22500000E+000 -1.35773
7.25000000E+000 -1.35224
7.27500000E+000 -1.34639
7.30000000E+000 -1.34015
7.32500000E+000 -1.3335
7.35000000E+000 -1.3264
7.37500000E+000 -1.31882
7.40000000E+000 -1.31073
7.42500000E+000 -1.3021
7.45000000E+000 -1.29294
7.47500000E+000 -1.28323
7.50000000E+000 -1.27299
7.52500000E+000 -1.26224
7.55000000E+000 -1.25102
7.57500000E+000 -1.23937
7.60000000E+000 -1.22736
7.62500000E+000 -1.21504
7.65000000E+000 -1.20249
7.67500000E+000 -1.18978
7.70000000E+000 -1.177
7.72500000E+000 -1.16423
7.75000000E+000 -1.15155
7.77500000E+000 -1.13904
7.80000000E+000 -1.12677
7.82500000E+000 -1.11482
7.85000000E+000 -1.10326
7.87500000E+000 -1.09214
7.90000000E+000 -1.08152
7.92500000E+000 -1.07145
7.95000000E+000 -1.06196
7.97500000E+000 -1.05308
8.00000000E+000 -1.04485
8.02500000E+000 -1.03727
8.05000000E+000 -1.03036
8.07500000E+000 -1.02413
8.10000000E+000 -1.01856
8.12500000E+000 -1.01365
8.15000000E+000 -1.0094
8.17500000E+000 -1.00577
8.20000000E+000 -1.00276
8.22500000E+000 -1.00033
8.25000000E+000 -0.998465
8.27500000E+000 -0.997128
8.30000000E+000 -0.996289
8.32500000E+000 -0.995914
8.35000000E+000 -0.995968
8.37500000E+000 -0.996417
8.40000000E+000 -0.997224
8.42500000E+000 -0.998352
8.45000000E+000 -0.999767
8.47500000E+000 -1.00143
8.50000000E+000 -1.00331
8.52500000E+000 -1.00537
8.55000000E+000 -1.00757
8.57500000E+000 -1.00988
8.60000000E+000 -1.01228
8.62500000E+000 -1.01472
8.65000000E+000 -1.01718
8.67500000E+000 -1.01964
8.70000000E+000 -1.02205
8.72500000E+000 -1.02441
8.75000000E+000 -1.02667
8.77500000E+000 -1.02883
8.80000000E+000 -1.03086
8.82500000E+000 -1.03273
8.85000000E+000 -1.03444
8.87500000E+000 -1.03597
8.90000000E+000 -1.0373
8.92500000E+000 -1.03842
8.95000000E+000 -1.03931
8.97500000E+000 -1.03998
9.00000000E+000 -1.04041
9.02500000E+000 -1.04059
9.05000000E+000 -1.04053
9.07500000E+000 -1.04022
9.10000000E+000 -1.03966
9.12500000E+000 -1.03884
9.15000000E+000 -1.03778
9.17500000E+000 -1.03647
9.20000000E+000 -1.03491
9.22500000E+000 -1.03313
9.25000000E+000 -1.03111
9.27500000E+000 -1.02887
9.30000000E+000 -1.02641
9.32500000E+000 -1.02376
9.35000000E+000 -1.0209
9.37500000E+000 -1.01786
9.40000000E+000 -1.01464
9.42500000E+000 -1.01127
9.45000000E+000 -1.00773
9.47500000E+000 -1.00406
9.50000000E+000 -1.00025
9.52500000E+000 -0.99632
9.55000000E+000 -0.992283
9.57500000E+000 -0.988147
9.60000000E+000 -0.983925
9.62500000E+000 -0.979625
9.65000000E+000 -0.97526
9.67500000E+000 -0.97084
9.70000000E+000 -0.966375
9.72500000E+000 -0.961874
9.75000000E+000 -0.957348
9.77500000E+000 -0.952806
9.80000000E+000 -0.948258
9.82500000E+000 -0.943711
9.85000000E+000 -0.939173
9.87500000E+000 -0.934654
9.90000000E+000 -0.93016
9.92500000E+000 -0.925698
9.95000000E+000 -0.921274
9.97500000E+000 -0.916894
1.00000000E+001 -0.912564
1.00250000E+001 -0.908288
1.00500000E+001 -0.904071
1.00750000E+001 -0.899916
1.01000000E+001 -0.895829
1.01250000E+001 -0.891811
1.01500000E+001 -0.887866
1.01750000E+001 -0.883997
1.02000000E+001 -0.880207
1.02250000E+001 -0.876498
1.02500000E+001 -0.872872
1.02750000E+001 -0.869333
1.03000000E+001 -0.865882
1.03250000E+001 -0.862523
1.03500000E+001 -0.859257
1.03750000E+001 -0.856088
1.04000000E+001 -0.853017
1.04250000E+001 -0.850047
1.04500000E+001 -0.847181
1.04750000E+001 -0.844419
1.05000000E+001 -0.841764
1.05250000E+001 -0.839218
1.05500000E+001 -0.836781
1.05750000E+001 -0.834454
1.06000000E+001 -0.832236
1.06250000E+001 -0.830129
1.06500000E+001 -0.828131
1.06750000E+001 -0.82624
1.07000000E+001 -0.824454
1.07250000E+001 -0.822771
1.07500000E+001 -0.821187
1.07750000E+001 -0.819699
1.08000000E+001 -0.818302
1.08250000E+001 -0.816991
1.08500000E+001 -0.815762
1.08750000E+001 -0.814608
1.09000000E+001 -0.813524
1.09250000E+001 -0.812502
1.09500000E+001 -0.811537
1.09750000E+001 -0.810622
1.10000000E+001 -0.809749
1.10250000E+001 -0.808912
1.10500000E+001 -0.808104
1.10750000E+001 -0.807317
1.11000000E+001 -0.806545
1.11250000E+001 -0.805781
1.11500000E+001 -0.805019
1.11750000E+001 -0.804251
1.12000000E+001 -0.803473
1.12250000E+001 -0.802677
1.12500000E+001 -0.801859
1.12750000E+001 -0.801013
1.13000000E+001 -0.800134
1.13250000E+001 -0.799218
1.13500000E+001 -0.79826
1.13750000E+001 -0.797258
1.14000000E+001 -0.796206
1.14250000E+001 -0.795104
1.14500000E+001 -0.793947
1.14750000E+001 -0.792734
1.15000000E+001 -0.791463
1.15250000E+001 -0.790132
1.15500000E+001 -0.788741
1.15750000E+001 -0.787289
1.16000000E+001 -0.785776
1.16250000E+001 -0.784201
1.16500000E+001 -0.782565
1.16750000E+001 -0.780869
1.17000000E+001 -0.779114
1.17250000E+001 -0.777302
1.17500000E+001 -0.775433
1.17750000E+001 -0.773509
1.18000000E+001 -0.771533
1.18250000E+001 -0.769508
1.18500000E+001 -0.767435
1.18750000E+001 -0.765317
1.19000000E+001 -0.763157
1.19250000E+001 -0.760959
1.19500000E+001 -0.758725
1.19750000E+001 -0.756458
1.20000000E+001 -0.754162
1.20250000E+001 -0.751841
1.20500000E+001 -0.749497
1.20750000E+001 -0.747134
1.21000000E+001 -0.744755
1.21250000E+001 -0.742365
1.21500000E+001 -0.739966
1.21750000E+001 -0.737561
1.22000000E+001 -0.735155
1.22250000E+001 -0.73275
1.22500000E+001 -0.730349
1.22750000E+001 -0.727956
1.23000000E+001 -0.725573
1.23250000E+001 -0.723203
1.23500000E+001 -0.720849
1.23750000E+001 -0.718514
1.24000000E+001 -0.716199
1.24250000E+001 -0.713907
1.24500000E+001 -0.711639
1.24750000E+001 -0.709399
1.25000000E+001 -0.707187
1.25250000E+001 -0.705005
1.25500000E+001 -0.702854
1.25750000E+001 -0.700736
1.26000000E+001 -0.698652
1.26250000E+001 -0.696602
1.26500000E+001 -0.694586
1.26750000E+001 -0.692607
1.27000000E+001 -0.690663
1.27250000E+001 -0.688756
1.27500000E+001 -0.686884
1.27750000E+001 -0.685049
1.28000000E+001 -0.683249
1.28250000E+001 -0.681485
1.28500000E+001 -0.679756
1.28750000E+001 -0.678061
1.29000000E+001 -0.676399
1.29250000E+001 -0.67477
1.29500000E+001 -0.673173
1.29750000E+001 -0.671607
1.30000000E+001 -0.67007
1.30250000E+001 -0.668562
1.30500000E+001 -0.667081
1.30750000E+001 -0.665627
1.31000000E+001 -0.664198
1.31250000E+001 -0.662792
1.31500000E+001 -0.661408
1.31750000E+001 -0.660046
1.32000000E+001 -0.658703
1.32250000E+001 -0.657379
1.32500000E+001 -0.656071
1.32750000E+001 -0.654779
1.33000000E+001 -0.653502
1.33250000E+001 -0.652237
1.33500000E+001 -0.650985
1.33750000E+001 -0.649742
1.34000000E+001 -0.648509
1.34250000E+001 -0.647284
1.34500000E+001 -0.646065
1.34750000E+001 -0.644852
1.35000000E+001 -0.643643
1.35250000E+001 -0.642438
1.35500000E+001 -0.641235
1.35750000E+001 -0.640032
1.36000000E+001 -0.63883
1.36250000E+001 -0.637627
1.36500000E+001 -0.636423
1.36750000E+001 -0.635215
1.37000000E+001 -0.634004
1.37250000E+001 -0.632789
1.37500000E+001 -0.631569
1.37750000E+001 -0.630343
1.38000000E+001 -0.62911
1.38250000E+001 -0.627871
1.38500000E+001 -0.626624
1.38750000E+001 -0.62537
1.39000000E+001 -0.624107
1.39250000E+001 -0.622835
1.39500000E+001 -0.621554
1.39750000E+001 -0.620265
1.40000000E+001 -0.618966
1.40250000E+001 -0.617657
1.40500000E+001 -0.61634
1.40750000E+001 -0.615013
1.41000000E+001 -0.613676
1.41250000E+001 -0.612331
1.41500000E+001 -0.610976
1.41750000E+001 -0.609613
1.42000000E+001 -0.608242
1.42250000E+001 -0.606862
1.42500000E+001 -0.605475
1.42750000E+001 -0.604081
1.43000000E+001 -0.60268
1.43250000E+001 -0.601273
1.43500000E+001 -0.599861
1.43750000E+001 -0.598443
1.44000000E+001 -0.597021
1.44250000E+001 -0.595595
1.44500000E+001 -0.594167
1.44750000E+001 -0.592735
1.45000000E+001 -0.591303
1.45250000E+001 -0.589869
1.45500000E+001 -0.588434
1.45750000E+001 -0.587
1.46000000E+001 -0.585568
1.46250000E+001 -0.584137
1.46500000E+001 -0.582708
1.46750000E+001 -0.581283
1.47000000E+001 -0.579861
1.47250000E+001 -0.578444
1.47500000E+001 -0.577032
1.47750000E+001 -0.575625
1.48000000E+001 -0.574225
1.48250000E+001 -0.572831
1.48500000E+001 -0.571445
1.48750000E+001 -0.570066
1.49000000E+001 -0.568696
1.49250000E+001 -0.567334
1.49500000E+001 -0.565981
1.49750000E+001 -0.564638
1.50000000E+001 -0.563304
1.50250000E+001 -0.56198
1.50500000E+001 -0.560666
1.50750000E+001 -0.559362
1.51000000E+001 -0.558069
1.51250000E+001 -0.556786
1.51500000E+001 -0.555514
1.51750000E+001 -0.554253
1.52000000E+001 -0.553002
1.52250000E+001 -0.551762
1.52500000E+001 -0.550532
1.52750000E+001 -0.549313
1.53000000E+001 -0.548104
1.53250000E+001 -0.546905
1.53500000E+001 -0.545717
1.53750000E+001 -0.544538
1.54000000E+001 -0.543368
1.54250000E+001 -0.542208
1.54500000E+001 -0.541057
1.54750000E+001 -0.539914
1.55000000E+001 -0.53878
1.55250000E+001 -0.537654
1.55500000E+001 -0.536535
1.55750000E+001 -0.535424
1.56000000E+001 -0.53432
1.56250000E+001 -0.533223
1.56500000E+001 -0.532132
1.56750000E+001 -0.531047
1.57000000E+001 -0.529967
1.57250000E+001 -0.528893
1.57500000E+001 -0.527823
1.57750000E+001 -0.526758
1.58000000E+001 -0.525698
1.58250000E+001 -0.524641
1.58500000E+001 -0.523587
1.58750000E+001 -0.522537
1.59000000E+001 -0.52149
1.59250000E+001 -0.520446
1.59500000E+001 -0.519403
1.59750000E+001 -0.518363
1.60000000E+001 -0.517325
1.60250000E+001 -0.516289
1.60500000E+001 -0.515253
1.60750000E+001 -0.51422
1.61000000E+001 -0.513187
1.61250000E+001 -0.512155
1.61500000E+001 -0.511124
1.61750000E+001 -0.510093
1.62000000E+001 -0.509063
1.62250000E+001 -0.508034
1.62500000E+001 -0.507005
1.62750000E+001 -0.505976
1.63000000E+001 -0.504948
1.63250000E+001 -0.503919
1.63500000E+001 -0.502891
1.63750000E+001 -0.501863
1.64000000E+001 -0.500836
1.64250000E+001 -0.499808
1.64500000E+001 -0.498781
1.64750000E+001 -0.497755
1.65000000E+001 -0.496728
1.65250000E+001 -0.495702
1.65500000E+001 -0.494677
1.65750000E+001 -0.493652
1.66000000E+001 -0.492627
1.66250000E+001 -0.491604
1.66500000E+001 -0.490581
1.66750000E+001 -0.48956
1.67000000E+001 -0.488539
1.67250000E+001 -0.487519
1.67500000E+001 -0.486501
1.67750000E+001 -0.485484
1.68000000E+001 -0.484469
1.68250000E+001 -0.483455
1.68500000E+001 -0.482443
1.68750000E+001 -0.481433
1.69000000E+001 -0.480425
1.69250000E+001 -0.47942
1.69500000E+001 -0.478416
1.69750000E+001 -0.477415
1.70000000E+001 -0.476416
1.70250000E+001 -0.47542
1.70500000E+001 -0.474426
1.70750000E+001 -0.473435
1.71000000E+001 -0.472448
1.71250000E+001 -0.471463
1.71500000E+001 -0.470481
1.71750000E+001 -0.469503
1.72000000E+001 -0.468527
1.72250000E+001 -0.467555
1.72500000E+001 -0.466587
1.72750000E+001 -0.465622
1.73000000E+001 -0.464661
1.73250000E+001 -0.463703
1.73500000E+001 -0.462749
1.73750000E+001 -0.461798
1.74000000E+001 -0.460851
1.74250000E+001 -0.459908
1.74500000E+001 -0.458969
1.74750000E+001 -0.458034
1.75000000E+001 -0.457102
1.75250000E+001 -0.456174
1.75500000E+001 -0.45525
1.75750000E+001 -0.45433
1.76000000E+001 -0.453414
1.76250000E+001 -0.452501
1.76500000E+001 -0.451592
1.76750000E+001 -0.450687
1.77000000E+001 -0.449785
1.77250000E+001 -0.448887
1.77500000E+001 -0.447993
1.77750000E+001 -0.447102
1.78000000E+001 -0.446215
1.78250000E+001 -0.445331
1.78500000E+001 -0.44445
1.78750000E+001 -0.443573
1.79000000E+001 -0.442698
1.79250000E+001 -0.441827
1.79500000E+001 -0.44096
1.79750000E+001 -0.440095
1.80000000E+001 -0.439233
1.80250000E+001 -0.438374
1.80500000E+001 -0.437517
1.80750000E+001 -0.436664
1.81000000E+001 -0.435813
1.81250000E+001 -0.434964
1.81500000E+001 -0.434118
1.81750000E+001 -0.433275
1.82000000E+001 -0.432434
1.82250000E+001 -0.431595
1.82500000E+001 -0.430758
1.82750000E+001 -0.429924
1.83000000E+001 -0.429091
1.83250000E+001 -0.428261
1.83500000E+001 -0.427433
1.83750000E+001 -0.426606
1.84000000E+001 -0.425782
1.84250000E+001 -0.424959
1.84500000E+001 -0.424139
1.84750000E+001 -0.42332
1.85000000E+001 -0.422502
1.85250000E+001 -0.421687
1.85500000E+001 -0.420873
1.85750000E+001 -0.42006
1.86000000E+001 -0.41925
1.86250000E+001 -0.418441
1.86500000E+001 -0.417633
1.86750000E+001 -0.416827
1.87000000E+001 -0.416023
1.87250000E+001 -0.41522
1.87500000E+001 -0.414419
1.87750000E+001 -0.41362
1.88000000E+001 -0.412822
1.88250000E+001 -0.412025
1.88500000E+001 -0.411231
1.88750000E+001 -0.410437
1.89000000E+001 -0.409646
1.89250000E+001 -0.408856
1.89500000E+001 -0.408068
1.89750000E+001 -0.407282
1.90000000E+001 -0.406497
1.90250000E+001 -0.405714
1.90500000E+001 -0.404933
1.90750000E+001 -0.404153
1.91000000E+001 -0.403376
1.91250000E+001 -0.4026
1.91500000E+001 -0.401826
1.91750000E+001 -0.401054
1.92000000E+001 -0.400284
1.92250000E+001 -0.399515
1.92500000E+001 -0.398749
1.92750000E+001 -0.397985
1.93000000E+001 -0.397223
1.93250000E+001 -0.396463
1.93500000E+001 -0.395704
1.93750000E+001 -0.394948
1.94000000E+001 -0.394194
1.94250000E+001 -0.393443
1.94500000E+001 -0.392693
1.94750000E+001 -0.391945
1.95000000E+001 -0.3912
1.95250000E+001 -0.390456
1.95500000E+001 -0.389715
1.95750000E+001 -0.388976
1.96000000E+001 -0.388239
1.96250000E+001 -0.387505
1.96500000E+001 -0.386772
1.96750000E+001 -0.386042
1.97000000E+001 -0.385314
1.97250000E+001 -0.384588
1.97500000E+001 -0.383864
1.97750000E+001 -0.383143
1.98000000E+001 -0.382423
1.98250000E+001 -0.381706
1.98500000E+001 -0.380991
1.98750000E+001 -0.380278
1.99000000E+001 -0.379567
1.99250000E+001 -0.378858
1.99500000E+001 -0.378152
1.99750000E+001 -0.377447
2.00000000E+001 -0.376744
2.00250000E+001 -0.376044
2.00500000E+001 -0.375345
2.00750000E+001 -0.374649
2.01000000E+001 -0.373954
2.01250000E+001 -0.373262
2.01500000E+001 -0.372571
2.01750000E+001 -0.371882
2.02000000E+001 -0.371195
2.02250000E+001 -0.37051
2.02500000E+001 -0.369827
2.02750000E+001 -0.369146
2.03000000E+001 -0.368466
2.03250000E+001 -0.367788
2.03500000E+001 -0.367112
2.03750000E+001 -0.366438
2.04000000E+001 -0.365765
2.04250000E+001 -0.365094
2.04500000E+001 -0.364425
2.04750000E+001 -0.363757
2.05000000E+001 -0.363091
2.05250000E+001 -0.362427
2.05500000E+001 -0.361764
2.05750000E+001 -0.361103
2.06000000E+001 -0.360443
2.06250000E+001 -0.359785
2.06500000E+001 -0.359128
2.06750000E+001 -0.358473
2.07000000E+001 -0.35782
2.07250000E+001 -0.357168
2.07500000E+001 -0.356517
2.07750000E+001 -0.355868
2.08000000E+001 -0.35522
2.08250000E+001 -0.354574
2.08500000E+001 -0.353929
2.08750000E+001 -0.353286
2.09000000E+001 -0.352644
2.09250000E+001 -0.352003
2.09500000E+001 -0.351364
2.09750000E+001 -0.350726
2.10000000E+001 -0.35009
2.10250000E+001 -0.349455
2.10500000E+001 -0.348822
2.10750000E+001 -0.34819
2.11000000E+001 -0.347559
2.11250000E+001 -0.34693
2.11500000E+001 -0.346302
2.11750000E+001 -0.345676
2.12000000E+001 -0.345051
2.12250000E+001 -0.344427
2.12500000E+001 -0.343805
2.12750000E+001 -0.343184
2.13000000E+001 -0.342565
2.13250000E+001 -0.341947
2.13500000E+001 -0.341331
2.13750000E+001 -0.340716
2.14000000E+001 -0.340103
2.14250000E+001 -0.339491
2.14500000E+001 -0.33888
2.14750000E+001 -0.338271
2.15000000E+001 -0.337664
2.15250000E+001 -0.337058
2.15500000E+001 -0.336453
2.15750000E+001 -0.33585
2.16000000E+001 -0.335248
2.16250000E+001 -0.334648
2.16500000E+001 -0.33405
2.16750000E+001 -0.333452
2.17000000E+001 -0.332857
2.17250000E+001 -0.332263
2.17500000E+001 -0.33167
2.17750000E+001 -0.331079
2.18000000E+001 -0.33049
2.18250000E+001 -0.329902
2.18500000E+001 -0.329315
2.18750000E+001 -0.32873
2.19000000E+001 -0.328147
2.19250000E+001 -0.327565
2.19500000E+001 -0.326984
2.19750000E+001 -0.326405
2.20000000E+001 -0.325828
2.20250000E+001 -0.325252
2.20500000E+001 -0.324677
2.20750000E+001 -0.324104
2.21000000E+001 -0.323533
2.21250000E+001 -0.322963
2.21500000E+001 -0.322394
2.21750000E+001 -0.321827
2.22000000E+001 -0.321262
2.22250000E+001 -0.320697
2.22500000E+001 -0.320135
2.22750000E+001 -0.319573
2.23000000E+001 -0.319014
2.23250000E+001 -0.318455
2.23500000E+001 -0.317898
2.23750000E+001 -0.317342
2.24000000E+001 -0.316788
2.24250000E+001 -0.316235
2.24500000E+001 -0.315684
2.24750000E+001 -0.315134
2.25000000E+001 -0.314585
2.25250000E+001 -0.314038
2.25500000E+001 -0.313491
2.25750000E+001 -0.312947
2.26000000E+001 -0.312403
2.26250000E+001 -0.311861
2.26500000E+001 -0.31132
2.26750000E+001 -0.31078
2.27000000E+001 -0.310242
2.27250000E+001 -0.309705
2.27500000E+001 -0.309169
2.27750000E+001 -0.308635
2.28000000E+001 -0.308101
2.28250000E+001 -0.307569
2.28500000E+001 -0.307038
2.28750000E+001 -0.306509
2.29000000E+001 -0.30598
2.29250000E+001 -0.305453
2.29500000E+001 -0.304927
2.29750000E+001 -0.304402
2.30000000E+001 -0.303878
2.30250000E+001 -0.303355
2.30500000E+001 -0.302834
2.30750000E+001 -0.302313
2.31000000E+001 -0.301794
2.31250000E+001 -0.301276
2.31500000E+001 -0.300759
2.31750000E+001 -0.300243
2.32000000E+001 -0.299729
2.32250000E+001 -0.299215
2.32500000E+001 -0.298703
2.32750000E+001 -0.298191
2.33000000E+001 -0.297681
2.33250000E+001 -0.297172
2.33500000E+001 -0.296664
2.33750000E+001 -0.296157
2.34000000E+001 -0.295651
2.34250000E+001 -0.295147
2.34500000E+001 -0.294643
2.34750000E+001 -0.294141
2.35000000E+001 -0.293639
2.35250000E+001 -0.293139
2.35500000E+001 -0.29264
2.35750000E+001 -0.292142
2.36000000E+001 -0.291645
2.36250000E+001 -0.291149
2.36500000E+001 -0.290654
2.36750000E+001 -0.290161
2.37000000E+001 -0.289668
2.37250000E+001 -0.289176
2.37500000E+001 -0.288686
2.37750000E+001 -0.288197
2.38000000E+001 -0.287709
2.38250000E+001 -0.287221
2.38500000E+001 -0.286735
2.38750000E+001 -0.286251
2.39000000E+001 -0.285767
2.39250000E+001 -0.285284
2.39500000E+001 -0.284802
2.39750000E+001 -0.284322
2.40000000E+001 -0.283842
2.40250000E+001 -0.283364
2.40500000E+001 -0.282887
2.40750000E+001 -0.282411
2.41000000E+001 -0.281936
2.41250000E+001 -0.281462
2.41500000E+001 -0.280989
2.41750000E+001 -0.280517
2.42000000E+001 -0.280047
2.42250000E+001 -0.279577
2.42500000E+001 -0.279109
2.42750000E+001 -0.278641
2.43000000E+001 -0.278175
2.43250000E+001 -0.27771
2.43500000E+001 -0.277245
2.43750000E+001 -0.276782
2.44000000E+001 -0.27632
2.44250000E+001 -0.275859
2.44500000E+001 -0.2754
2.44750000E+001 -0.274941
2.45000000E+001 -0.274483
2.45250000E+001 -0.274026
2.45500000E+001 -0.273571
2.45750000E+001 -0.273116
2.46000000E+001 -0.272663
2.46250000E+001 -0.27221
2.46500000E+001 -0.271759
2.46750000E+001 -0.271308
2.47000000E+001 -0.270859
2.47250000E+001 -0.270411
2.47500000E+001 -0.269963
2.47750000E+001 -0.269517
2.48000000E+001 -0.269072
2.48250000E+001 -0.268627
2.48500000E+001 -0.268184
2.48750000E+001 -0.267742
2.49000000E+001 -0.2673
2.49250000E+001 -0.26686
2.49500000E+001 -0.266421
2.49750000E+001 -0.265982
2.50000000E+001 -0.265545
2.50250000E+001 -0.265109
2.50500000E+001 -0.264673
2.50750000E+001 -0.264239
2.51000000E+001 -0.263805
2.51250000E+001 -0.263372
2.51500000E+001 -0.262941
2.51750000E+001 -0.26251
2.52000000E+001 -0.26208
2.52250000E+001 -0.261652
2.52500000E+001 -0.261224
2.52750000E+001 -0.260797
2.53000000E+001 -0.260371
2.53250000E+001 -0.259945
2.53500000E+001 -0.259521
2.53750000E+001 -0.259098
2.54000000E+001 -0.258675
2.54250000E+001 -0.258254
2.54500000E+001 -0.257833
2.54750000E+001 -0.257413
2.55000000E+001 -0.256995
2.55250000E+001 -0.256577
2.55500000E+001 -0.25616
2.55750000E+001 -0.255743
2.56000000E+001 -0.255328
2.56250000E+001 -0.254914
2.56500000E+001 -0.2545
2.56750000E+001 -0.254087
2.57000000E+001 -0.253675
2.57250000E+001 -0.253264
2.57500000E+001 -0.252854
2.57750000E+001 -0.252445
2.58000000E+001 -0.252037
2.58250000E+001 -0.251629
2.58500000E+001 -0.251223
2.58750000E+001 -0.250817
2.59000000E+001 -0.250412
2.59250000E+001 -0.250008
2.59500000E+001 -0.249604
2.59750000E+001 -0.249202
2.60000000E+001 -0.2488
2.60250000E+001 -0.2484
2.60500000E+001 -0.248
2.60750000E+001 -0.247601
2.61000000E+001 -0.247202
2.61250000E+001 -0.246805
2.61500000E+001 -0.246408
2.61750000E+001 -0.246013
2.62000000E+001 -0.245618
2.62250000E+001 -0.245224
2.62500000E+001 -0.24483
2.62750000E+001 -0.244438
2.63000000E+001 -0.244046
2.63250000E+001 -0.243656
2.63500000E+001 -0.243266
2.63750000E+001 -0.242877
2.64000000E+001 -0.242488
2.64250000E+001 -0.242101
2.64500000E+001 -0.241714
2.64750000E+001 -0.241329
2.65000000E+001 -0.240944
2.65250000E+001 -0.240559
2.65500000E+001 -0.240176
2.65750000E+001 -0.239793
2.66000000E+001 -0.239412
2.66250000E+001 -0.239031
2.66500000E+001 -0.238651
2.66750000E+001 -0.238271
2.67000000E+001 -0.237893
2.67250000E+001 -0.237515
2.67500000E+001 -0.237138
2.67750000E+001 -0.236762
2.68000000E+001 -0.236387
2.68250000E+001 -0.236012
2.68500000E+001 -0.235638
2.68750000E+001 -0.235265
2.69000000E+001 -0.234893
2.69250000E+001 -0.234522
2.69500000E+001 -0.234151
2.69750000E+001 -0.233781
2.70000000E+001 -0.233412
2.70250000E+001 -0.233044
2.70500000E+001 -0.232677
2.70750000E+001 -0.23231
2.71000000E+001 -0.231944
2.71250000E+001 -0.231579
2.71500000E+001 -0.231214
2.71750000E+001 -0.230851
2.72000000E+001 -0.230488
2.72250000E+001 -0.230126
2.72500000E+001 -0.229764
2.72750000E+001 -0.229404
2.73000000E+001 -0.229044
2.73250000E+001 -0.228685
2.73500000E+001 -0.228326
2.73750000E+001 -0.227969
2.74000000E+001 -0.227612
2.74250000E+001 -0.227256
2.74500000E+001 -0.2269
2.74750000E+001 -0.226545
2.75000000E+001 -0.226191
2.75250000E+001 -0.225838
2.75500000E+001 -0.225486
2.75750000E+001 -0.225134
2.76000000E+001 -0.224783
2.76250000E+001 -0.224432
2.76500000E+001 -0.224083
2.76750000E+001 -0.223734
2.77000000E+001 -0.223386
2.77250000E+001 -0.223038
2.77500000E+001 -0.222691
2.77750000E+001 -0.222345
2.78000000E+001 -0.222
2.78250000E+001 -0.221655
2.78500000E+001 -0.221311
2.78750000E+001 -0.220968
2.79000000E+001 -0.220625
2.79250000E+001 -0.220283
2.79500000E+001 -0.219942
2.79750000E+001 -0.219602
2.80000000E+001 -0.219262
2.80250000E+001 -0.218923
2.80500000E+001 -0.218584
2.80750000E+001 -0.218246
2.81000000E+001 -0.217909
2.81250000E+001 -0.217573
2.81500000E+001 -0.217237
2.81750000E+001 -0.216902
2.82000000E+001 -0.216568
2.82250000E+001 -0.216234
2.82500000E+001 -0.215901
2.82750000E+001 -0.215568
2.83000000E+001 -0.215236
2.83250000E+001 -0.214905
2.83500000E+001 -0.214575
2.83750000E+001 -0.214245
2.84000000E+001 -0.213916
2.84250000E+001 -0.213587
2.84500000E+001 -0.21326
2.84750000E+001 -0.212932
2.85000000E+001 -0.212606
2.85250000E+001 -0.21228
2.85500000E+001 -0.211955
2.85750000E+001 -0.21163
2.86000000E+001 -0.211306
2.86250000E+001 -0.210983
2.86500000E+001 -0.21066
2.86750000E+001 -0.210338
2.87000000E+001 -0.210017
2.87250000E+001 -0.209696
2.87500000E+001 -0.209376
2.87750000E+001 -0.209057
2.88000000E+001 -0.208738
2.88250000E+001 -0.20842
2.88500000E+001 -0.208102
2.88750000E+001 -0.207785
2.89000000E+001 -0.207469
2.89250000E+001 -0.207153
2.89500000E+001 -0.206838
2.89750000E+001 -0.206524
2.90000000E+001 -0.20621
2.90250000E+001 -0.205897
2.90500000E+001 -0.205584
2.90750000E+001 -0.205272
2.91000000E+001 -0.204961
2.91250000E+001 -0.20465
2.91500000E+001 -0.20434
2.91750000E+001 -0.204031
2.92000000E+001 -0.203722
2.92250000E+001 -0.203414
2.92500000E+001 -0.203106
2.92750000E+001 -0.202799
2.93000000E+001 -0.202492
2.93250000E+001 -0.202186
2.93500000E+001 -0.201881
2.93750000E+001 -0.201577
2.94000000E+001 -0.201272
2.94250000E+001 -0.200969
2.94500000E+001 -0.200666
2.94750000E+001 -0.200364
2.95000000E+001 -0.200062
2.95250000E+001 -0.199761
2.95500000E+001 -0.199461
2.95750000E+001 -0.199161
2.96000000E+001 -0.198861
2.96250000E+001 -0.198563
2.96500000E+001 -0.198264
2.96750000E+001 -0.197967
2.97000000E+001 -0.19767
2.97250000E+001 -0.197373
2.97500000E+001 -0.197078
2.97750000E+001 -0.196782
2.98000000E+001 -0.196488
2.98250000E+001 -0.196193
2.98500000E+001 -0.1959
2.98750000E+001 -0.195607
2.99000000E+001 -0.195314
2.99250000E+001 -0.195023
2.99500000E+001 -0.194731
2.99750000E+001 -0.194441
3.00000000E+001 -0.19415
3.00250000E+001 -0.193861
3.00500000E+001 -0.193572
3.00750000E+001 -0.193283
3.01000000E+001 -0.192995
3.01250000E+001 -0.192708
3.01500000E+001 -0.192421
3.01750000E+001 -0.192135
3.02000000E+001 -0.191849
3.02250000E+001 -0.191564
3.02500000E+001 -0.191279
3.02750000E+001 -0.190995
3.03000000E+001 -0.190712
3.03250000E+001 -0.190429
3.03500000E+001 -0.190146
3.03750000E+001 -0.189864
3.04000000E+001 -0.189583
3.04250000E+001 -0.189302
3.04500000E+001 -0.189022
3.04750000E+001 -0.188742
3.05000000E+001 -0.188463
3.05250000E+001 -0.188184
3.05500000E+001 -0.187906
3.05750000E+001 -0.187628
3.06000000E+001 -0.187351
3.06250000E+001 -0.187074
3.06500000E+001 -0.186798
3.06750000E+001 -0.186523
3.07000000E+001 -0.186248
3.07250000E+001 -0.185973
3.07500000E+001 -0.185699
3.07750000E+001 -0.185426
3.08000000E+001 -0.185153
3.08250000E+001 -0.18488
3.08500000E+001 -0.184608
3.08750000E+001 -0.184337
3.09000000E+001 -0.184066
3.09250000E+001 -0.183796
3.09500000E+001 -0.183526
3.09750000E+001 -0.183256
3.10000000E+001 -0.182988
3.10250000E+001 -0.182719
3.10500000E+001 -0.182451
3.10750000E+001 -0.182184
3.11000000E+001 -0.181917
3.11250000E+001 -0.181651
3.11500000E+001 -0.181385
3.11750000E+001 -0.18112
3.12000000E+001 -0.180855
3.12250000E+001 -0.18059
3.12500000E+001 -0.180327
3.12750000E+001 -0.180063
3.13000000E+001 -0.1798
3.13250000E+001 -0.179538
3.13500000E+001 -0.179276
3.13750000E+001 -0.179015
3.14000000E+001 -0.178754
3.14250000E+001 -0.178493
3.14500000E+001 -0.178233
3.14750000E+001 -0.177974
3.15000000E+001 -0.177715
3.15250000E+001 -0.177456
3.15500000E+001 -0.177198
3.15750000E+001 -0.176941
3.16000000E+001 -0.176684
3.16250000E+001 -0.176427
3.16500000E+001 -0.176171
3.16750000E+001 -0.175916
3.17000000E+001 -0.17566
3.17250000E+001 -0.175406
3.17500000E+001 -0.175152
3.17750000E+001 -0.174898
3.18000000E+001 -0.174645
3.18250000E+001 -0.174392
3.18500000E+001 -0.17414
3.18750000E+001 -0.173888
3.19000000E+001 -0.173636
3.19250000E+001 -0.173385
3.19500000E+001 -0.173135
3.19750000E+001 -0.172885
3.20000000E+001 -0.172635
3.20250000E+001 -0.172386
3.20500000E+001 -0.172138
3.20750000E+001 -0.17189
3.21000000E+001 -0.171642
3.21250000E+001 -0.171395
3.21500000E+001 -0.171148
3.21750000E+001 -0.170901
3.22000000E+001 -0.170656
3.22250000E+001 -0.17041
3.22500000E+001 -0.170165
3.22750000E+001 -0.169921
3.23000000E+001 -0.169676
3.23250000E+001 -0.169433
3.23500000E+001 -0.16919
3.23750000E+001 -0.168947
3.24000000E+001 -0.168705
3.24250000E+001 -0.168463
3.24500000E+001 -0.168221
3.24750000E+001 -0.16798
3.25000000E+001 -0.16774
3.25250000E+001 -0.1675
3.25500000E+001 -0.16726
3.25750000E+001 -0.167021
3.26000000E+001 -0.166782
3.26250000E+001 -0.166544
3.26500000E+001 -0.166306
3.26750000E+001 -0.166068
3.27000000E+001 -0.165831
3.27250000E+001 -0.165594
3.27500000E+001 -0.165358
3.27750000E+001 -0.165122
3.28000000E+001 -0.164887
3.28250000E+001 -0.164652
3.28500000E+001 -0.164418
3.28750000E+001 -0.164184
3.29000000E+001 -0.16395
3.29250000E+001 -0.163717
3.29500000E+001 -0.163484
3.29750000E+001 -0.163252
3.30000000E+001 -0.16302
3.30250000E+001 -0.162788
3.30500000E+001 -0.162557
3.30750000E+001 -0.162326
3.31000000E+001 -0.162096
3.31250000E+001 -0.161866
3.31500000E+001 -0.161637
3.31750000E+001 -0.161408
3.32000000E+001 -0.161179
3.32250000E+001 -0.160951
3.32500000E+001 -0.160723
3.32750000E+001 -0.160495
3.33000000E+001 -0.160268
3.33250000E+001 -0.160042
3.33500000E+001 -0.159816
3.33750000E+001 -0.15959
3.34000000E+001 -0.159364
3.34250000E+001 -0.159139
3.34500000E+001 -0.158915
3.34750000E+001 -0.158691
3.35000000E+001 -0.158467
3.35250000E+001 -0.158244
3.35500000E+001 -0.158021
3.35750000E+001 -0.157798
3.36000000E+001 -0.157576
3.36250000E+001 -0.157354
3.36500000E+001 -0.157133
3.36750000E+001 -0.156912
3.37000000E+001 -0.156691
3.37250000E+001 -0.156471
3.37500000E+001 -0.156251
3.37750000E+001 -0.156031
3.38000000E+001 -0.155812
3.38250000E+001 -0.155594
3.38500000E+001 -0.155376
3.38750000E+001 -0.155158
3.39000000E+001 -0.15494
3.39250000E+001 -0.154723
3.39500000E+001 -0.154506
3.39750000E+001 -0.15429
3.40000000E+001 -0.154074
3.40250000E+001 -0.153858
3.40500000E+001 -0.153643
3.40750000E+001 -0.153428
3.41000000E+001 -0.153214
3.41250000E+001 -0.153
3.41500000E+001 -0.152786
3.41750000E+001 -0.152573
3.42000000E+001 -0.15236
3.42250000E+001 -0.152147
3.42500000E+001 -0.151935
3.42750000E+001 -0.151723
3.43000000E+001 -0.151512
3.43250000E+001 -0.151301
3.43500000E+001 -0.15109
3.43750000E+001 -0.15088
3.44000000E+001 -0.15067
3.44250000E+001 -0.15046
3.44500000E+001 -0.150251
3.44750000E+001 -0.150042
3.45000000E+001 -0.149834
3.45250000E+001 -0.149626
3.45500000E+001 -0.149418
3.45750000E+001 -0.149211
3.46000000E+001 -0.149003
3.46250000E+001 -0.148797
3.46500000E+001 -0.148591
3.46750000E+001 -0.148385
3.47000000E+001 -0.148179
3.47250000E+001 -0.147974
3.47500000E+001 -0.147769
3.47750000E+001 -0.147564
3.48000000E+001 -0.14736
3.48250000E+001 -0.147156
3.48500000E+001 -0.146953
3.48750000E+001 -0.14675
3.49000000E+001 -0.146547
3.49250000E+001 -0.146345
3.49500000E+001 -0.146143
3.49750000E+001 -0.145941
3.50000000E+001 -0.14574
3.50250000E+001 -0.145539
3.50500000E+001 -0.145338
3.50750000E+001 -0.145138
3.51000000E+001 -0.144938
3.51250000E+001 -0.144738
3.51500000E+001 -0.144539
3.51750000E+001 -0.14434
3.52000000E+001 -0.144141
3.52250000E+001 -0.143943
3.52500000E+001 -0.143745
3.52750000E+001 -0.143548
3.53000000E+001 -0.14335
3.53250000E+001 -0.143153
3.53500000E+001 -0.142957
3.53750000E+001 -0.142761
3.54000000E+001 -0.142565
3.54250000E+001 -0.142369
3.54500000E+001 -0.142174
3.54750000E+001 -0.141979
3.55000000E+001 -0.141785
3.55250000E+001 -0.141591
3.55500000E+001 -0.141397
3.55750000E+001 -0.141203
3.56000000E+001 -0.14101
3.56250000E+001 -0.140817
3.56500000E+001 -0.140625
3.56750000E+001 -0.140433
3.57000000E+001 -0.140241
3.57250000E+001 -0.140049
3.57500000E+001 -0.139858
3.57750000E+001 -0.139667
3.58000000E+001 -0.139476
3.58250000E+001 -0.139286
3.58500000E+001 -0.139096
3.58750000E+001 -0.138907
3.59000000E+001 -0.138718
3.59250000E+001 -0.138529
3.59500000E+001 -0.13834
3.59750000E+001 -0.138152
3.60000000E+001 -0.137964
3.60250000E+001 -0.137776
3.60500000E+001 -0.137589
3.60750000E+001 -0.137402
3.61000000E+001 -0.137215
3.61250000E+001 -0.137029
3.61500000E+001 -0.136843
3.61750000E+001 -0.136657
3.62000000E+001 -0.136471
3.62250000E+001 -0.136286
3.62500000E+001 -0.136101
3.62750000E+001 -0.135917
3.63000000E+001 -0.135733
3.63250000E+001 -0.135549
3.63500000E+001 -0.135365
3.63750000E+001 -0.135182
3.64000000E+001 -0.134999
3.64250000E+001 -0.134816
3.64500000E+001 -0.134634
3.64750000E+001 -0.134452
3.65000000E+001 -0.13427
3.65250000E+001 -0.134089
3.65500000E+001 -0.133908
3.65750000E+001 -0.133727
3.66000000E+001 -0.133547
3.66250000E+001 -0.133366
3.66500000E+001 -0.133187
3.66750000E+001 -0.133007
3.67000000E+001 -0.132828
3.67250000E+001 -0.132649
3.67500000E+001 -0.13247
3.67750000E+001 -0.132292
3.68000000E+001 -0.132114
3.68250000E+001 -0.131936
3.68500000E+001 -0.131758
3.68750000E+001 -0.131581
3.69000000E+001 -0.131404
3.69250000E+001 -0.131228
3.69500000E+001 -0.131051
3.69750000E+001 -0.130875
3.70000000E+001 -0.1307
3.70250000E+001 -0.130524
3.70500000E+001 -0.130349
3.70750000E+001 -0.130174
3.71000000E+001 -0.13
3.71250000E+001 -0.129825
3.71500000E+001 -0.129651
3.71750000E+001 -0.129478
3.72000000E+001 -0.129304
3.72250000E+001 -0.129131
3.72500000E+001 -0.128958
3.72750000E+001 -0.128786
3.73000000E+001 -0.128614
3.73250000E+001 -0.128442
3.73500000E+001 -0.12827
3.73750000E+001 -0.128099
3.74000000E+001 -0.127928
3.74250000E+001 -0.127757
3.74500000E+001 -0.127586
3.74750000E+001 -0.127416
3.75000000E+001 -0.127246
3.75250000E+001 -0.127076
3.75500000E+001 -0.126907
3.75750000E+001 -0.126738
3.76000000E+001 -0.126569
3.76250000E+001 -0.1264
3.76500000E+001 -0.126232
3.76750000E+001 -0.126064
3.77000000E+001 -0.125896
3.77250000E+001 -0.125729
3.77500000E+001 -0.125562
3.77750000E+001 -0.125395
3.78000000E+001 -0.125228
3.78250000E+001 -0.125062
3.78500000E+001 -0.124896
3.78750000E+001 -0.12473
3.79000000E+001 -0.124565
3.79250000E+001 -0.124399
3.79500000E+001 -0.124234
3.79750000E+001 -0.12407
3.80000000E+001 -0.123905
3.80250000E+001 -0.123741
3.80500000E+001 -0.123577
3.80750000E+001 -0.123413
3.81000000E+001 -0.12325
3.81250000E+001 -0.123087
3.81500000E+001 -0.122924
3.81750000E+001 -0.122761
3.82000000E+001 -0.122599
3.82250000E+001 -0.122437
3.82500000E+001 -0.122275
3.82750000E+001 -0.122114
3.83000000E+001 -0.121953
3.83250000E+001 -0.121792
3.83500000E+001 -0.121631
3.83750000E+001 -0.12147
3.84000000E+001 -0.12131
3.84250000E+001 -0.12115
3.84500000E+001 -0.120991
3.84750000E+001 -0.120831
3.85000000E+001 -0.120672
3.85250000E+001 -0.120513
3.85500000E+001 -0.120354
3.85750000E+001 -0.120196
3.86000000E+001 -0.120038
3.86250000E+001 -0.11988
3.86500000E+001 -0.119722
3.86750000E+001 -0.119565
3.87000000E+001 -0.119408
3.87250000E+001 -0.119251
3.87500000E+001 -0.119095
3.87750000E+001 -0.118938
3.88000000E+001 -0.118782
3.88250000E+001 -0.118626
3.88500000E+001 -0.118471
3.88750000E+001 -0.118315
3.89000000E+001 -0.11816
3.89250000E+001 -0.118005
3.89500000E+001 -0.117851
3.89750000E+001 -0.117696
3.90000000E+001 -0.117542
3.90250000E+001 -0.117389
3.90500000E+001 -0.117235
3.90750000E+001 -0.117082
3.91000000E+001 -0.116929
3.91250000E+001 -0.116776
3.91500000E+001 -0.116623
3.91750000E+001 -0.116471
3.92000000E+001 -0.116319
3.92250000E+001 -0.116167
3.92500000E+001 -0.116015
3.92750000E+001 -0.115864
3.93000000E+001 -0.115713
3.93250000E+001 -0.115562
3.93500000E+001 -0.115411
3.93750000E+001 -0.115261
3.94000000E+001 -0.11511
3.94250000E+001 -0.114961
3.94500000E+001 -0.114811
3.94750000E+001 -0.114661
3.95000000E+001 -0.114512
3.95250000E+001 -0.114363
3.95500000E+001 -0.114215
3.95750000E+001 -0.114066
3.96000000E+001 -0.113918
3.96250000E+001 -0.11377
3.96500000E+001 -0.113622
3.96750000E+001 -0.113474
3.97000000E+001 -0.113327
3.97250000E+001 -0.11318
3.97500000E+001 -0.113033
3.97750000E+001 -0.112887
3.98000000E+001 -0.11274
3.98250000E+001 -0.112594
3.98500000E+001 -0.112448
3.98750000E+001 -0.112302
3.99000000E+001 -0.112157
3.99250000E+001 -0.112012
3.99500000E+001 -0.111867
3.99750000E+001 -0.111722
4.00000000E+001 -0.111577
4.00250000E+001 -0.111433
4.00500000E+001 -0.111289
4.00750000E+001 -0.111145
4.01000000E+001 -0.111002
4.01250000E+001 -0.110858
4.01500000E+001 -0.110715
4.01750000E+001 -0.110572
4.02000000E+001 -0.110429
4.02250000E+001 -0.110287
4.02500000E+001 -0.110145
4.02750000E+001 -0.110003
4.03000000E+001 -0.109861
4.03250000E+001 -0.109719
4.03500000E+001 -0.109578
4.03750000E+001 -0.109437
4.04000000E+001 -0.109296
4.04250000E+001 -0.109155
4.04500000E+001 -0.109015
4.04750000E+001 -0.108874
4.05000000E+001 -0.108734
4.05250000E+001 -0.108595
4.05500000E+001 -0.108455
4.05750000E+001 -0.108316
4.06000000E+001 -0.108176
4.06250000E+001 -0.108038
4.06500000E+001 -0.107899
4.06750000E+001 -0.10776
4.07000000E+001 -0.107622
4.07250000E+001 -0.107484
4.07500000E+001 -0.107346
4.07750000E+001 -0.107209
4.08000000E+001 -0.107071
4.08250000E+001 -0.106934
4.08500000E+001 -0.106797
4.08750000E+001 -0.10666
4.09000000E+001 -0.106524
4.09250000E+001 -0.106387
4.09500000E+001 -0.106251
4.09750000E+001 -0.106115
4.10000000E+001 -0.105979
4.10250000E+001 -0.105844
4.10500000E+001 -0.105709
4.10750000E+001 -0.105574
4.11000000E+001 -0.105439
4.11250000E+001 -0.105304
4.11500000E+001 -0.10517
4.11750000E+001 -0.105035
4.12000000E+001 -0.104901
4.12250000E+001 -0.104768
4.12500000E+001 -0.104634
4.12750000E+001 -0.104501
4.13000000E+001 -0.104367
4.13250000E+001 -0.104234
4.13500000E+001 -0.104102
4.13750000E+001 -0.103969
4.14000000E+001 -0.103837
4.14250000E+001 -0.103705
4.14500000E+001 -0.103573
4.14750000E+001 -0.103441
4.15000000E+001 -0.103309
4.15250000E+001 -0.103178
4.15500000E+001 -0.103047
4.15750000E+001 -0.102916
4.16000000E+001 -0.102785
4.16250000E+001 -0.102655
4.16500000E+001 -0.102524
4.16750000E+001 -0.102394
4.17000000E+001 -0.102264
4.17250000E+001 -0.102135
4.17500000E+001 -0.102005
4.17750000E+001 -0.101876
4.18000000E+001 -0.101747
4.18250000E+001 -0.101618
4.18500000E+001 -0.101489
4.18750000E+001 -0.10136
4.19000000E+001 -0.101232
4.19250000E+001 -0.101104
4.19500000E+001 -0.100976
4.19750000E+001 -0.100848
4.20000000E+001 -0.100721
4.20250000E+001 -0.100593
4.20500000E+001 -0.100466
4.20750000E+001 -0.100339
4.21000000E+001 -0.100212
4.21250000E+001 -0.100086
4.21500000E+001 -0.0999595
4.21750000E+001 -0.0998333
4.22000000E+001 -0.0997073
4.22250000E+001 -0.0995815
4.22500000E+001 -0.0994559
4.22750000E+001 -0.0993305
4.23000000E+001 -0.0992053
4.23250000E+001 -0.0990803
4.23500000E+001 -0.0989554
4.23750000E+001 -0.0988308
4.24000000E+001 -0.0987063
4.24250000E+001 -0.0985821
4.24500000E+001 -0.098458
4.24750000E+001 -0.0983341
4.25000000E+001 -0.0982104
4.25250000E+001 -0.0980869
4.25500000E+001 -0.0979636
4.25750000E+001 -0.0978405
4.26000000E+001 -0.0977175
4.26250000E+001 -0.0975948
4.26500000E+001 -0.0974722
4.26750000E+001 -0.0973498
4.27000000E+001 -0.0972276
4.27250000E+001 -0.0971056
4.27500000E+001 -0.0969838
4.27750000E+001 -0.0968622
4.28000000E+001 -0.0967407
4.28250000E+001 -0.0966194
4.28500000E+001 -0.0964983
4.28750000E+001 -0.0963774
4.29000000E+001 -0.0962567
4.29250000E+001 -0.0961362
4.29500000E+001 -0.0960158
4.29750000E+001 -0.0958957
4.30000000E+001 -0.0957757
4.30250000E+001 -0.0956559
4.30500000E+001 -0.0955363
4.30750000E+001 -0.0954168
4.31000000E+001 -0.0952975
4.31250000E+001 -0.0951785
4.31500000E+001 -0.0950596
4.31750000E+001 -0.0949408
4.32000000E+001 -0.0948223
4.32250000E+001 -0.0947039
4.32500000E+001 -0.0945857
4.32750000E+001 -0.0944677
4.33000000E+001 -0.0943499
4.33250000E+001 -0.0942323
4.33500000E+001 -0.0941148
4.33750000E+001 -0.0939975
4.34000000E+001 -0.0938804
4.34250000E+001 -0.0937634
4.34500000E+001 -0.0936466
4.34750000E+001 -0.0935301
4.35000000E+001 -0.0934136
4.35250000E+001 -0.0932974
4.35500000E+001 -0.0931813
4.35750000E+001 -0.0930654
4.36000000E+001 -0.0929497
4.36250000E+001 -0.0928342
4.36500000E+001 -0.0927188
4.36750000E+001 -0.0926036
4.37000000E+001 -0.0924886
4.37250000E+001 -0.0923737
4.37500000E+001 -0.092259
4.37750000E+001 -0.0921445
4.38000000E+001 -0.0920302
4.38250000E+001 -0.091916
4.38500000E+001 -0.091802
4.38750000E+001 -0.0916882
4.39000000E+001 -0.0915745
4.39250000E+001 -0.0914611
4.39500000E+001 -0.0913477
4.39750000E+001 -0.0912346
4.40000000E+001 -0.0911216
4.40250000E+001 -0.0910088
4.40500000E+001 -0.0908962
4.40750000E+001 -0.0907837
4.41000000E+001 -0.0906714
4.41250000E+001 -0.0905592
4.41500000E+001 -0.0904473
4.41750000E+001 -0.0903355
4.42000000E+001 -0.0902238
4.42250000E+001 -0.0901124
4.42500000E+001 -0.0900011
4.42750000E+001 -0.0898899
4.43000000E+001 -0.0897789
4.43250000E+001 -0.0896681
4.43500000E+001 -0.0895575
4.43750000E+001 -0.089447
4.44000000E+001 -0.0893367
4.44250000E+001 -0.0892265
4.44500000E+001 -0.0891166
4.44750000E+001 -0.0890067
4.45000000E+001 -0.0888971
4.45250000E+001 -0.0887876
4.45500000E+001 -0.0886782
4.45750000E+001 -0.088569
4.46000000E+001 -0.08846
4.46250000E+001 -0.0883512
4.46500000E+001 -0.0882425
4.46750000E+001 -0.088134
4.47000000E+001 -0.0880256
4.47250000E+001 -0.0879174
4.47500000E+001 -0.0878093
4.47750000E+001 -0.0877014
4.48000000E+001 -0.0875937
4.48250000E+001 -0.0874861
4.48500000E+001 -0.0873787
4.48750000E+001 -0.0872715
4.49000000E+001 -0.0871644
4.49250000E+001 -0.0870574
4.49500000E+001 -0.0869506
4.49750000E+001 -0.086844
4.50000000E+001 -0.0867375
4.50250000E+001 -0.0866312
4.50500000E+001 -0.0865251
4.50750000E+001 -0.0864191
4.51000000E+001 -0.0863132
4.51250000E+001 -0.0862076
4.51500000E+001 -0.086102
4.51750000E+001 -0.0859966
4.52000000E+001 -0.0858914
4.52250000E+001 -0.0857864
4.52500000E+001 -0.0856814
4.52750000E+001 -0.0855767
4.53000000E+001 -0.0854721
4.53250000E+001 -0.0853676
4.53500000E+001 -0.0852633
4.53750000E+001 -0.0851592
4.54000000E+001 -0.0850552
4.54250000E+001 -0.0849513
4.54500000E+001 -0.0848477
4.54750000E+001 -0.0847441
4.55000000E+001 -0.0846407
4.55250000E+001 -0.0845375
4.55500000E+001 -0.0844344
4.55750000E+001 -0.0843315
4.56000000E+001 -0.0842287
4.56250000E+001 -0.0841261
4.56500000E+001 -0.0840236
4.56750000E+001 -0.0839212
4.57000000E+001 -0.0838191
4.57250000E+001 -0.083717
4.57500000E+001 -0.0836151
4.57750000E+001 -0.0835134
4.58000000E+001 -0.0834118
4.58250000E+001 -0.0833104
4.58500000E+001 -0.0832091
4.58750000E+001 -0.0831079
4.59000000E+001 -0.0830069
4.59250000E+001 -0.0829061
4.59500000E+001 -0.0828054
4.59750000E+001 -0.0827048
4.60000000E+001 -0.0826044
4.60250000E+001 -0.0825041
4.60500000E+001 -0.082404
4.60750000E+001 -0.082304
4.61000000E+001 -0.0822042
4.61250000E+001 -0.0821045
4.61500000E+001 -0.082005
4.61750000E+001 -0.0819056
4.62000000E+001 -0.0818063
4.62250000E+001 -0.0817072
4.62500000E+001 -0.0816082
4.62750000E+001 -0.0815094
4.63000000E+001 -0.0814107
4.63250000E+001 -0.0813122
4.63500000E+001 -0.0812138
4.63750000E+001 -0.0811155
4.64000000E+001 -0.0810174
4.64250000E+001 -0.0809195
4.64500000E+001 -0.0808216
4.64750000E+001 -0.080724
4.65000000E+001 -0.0806264
4.65250000E+001 -0.080529
4.65500000E+001 -0.0804317
4.65750000E+001 -0.0803346
4.66000000E+001 -0.0802376
4.66250000E+001 -0.0801408
4.66500000E+001 -0.0800441
4.66750000E+001 -0.0799475
4.67000000E+001 -0.0798511
4.67250000E+001 -0.0797548
4.67500000E+001 -0.0796587
4.67750000E+001 -0.0795626
4.68000000E+001 -0.0794668
4.68250000E+001 -0.079371
4.68500000E+001 -0.0792754
4.68750000E+001 -0.07918
4.69000000E+001 -0.0790847
4.69250000E+001 -0.0789895
4.69500000E+001 -0.0788944
4.69750000E+001 -0.0787995
4.70000000E+001 -0.0787047
4.70250000E+001 -0.0786101
4.70500000E+001 -0.0785156
4.70750000E+001 -0.0784212
4.71000000E+001 -0.078327
4.71250000E+001 -0.0782329
4.71500000E+001 -0.0781389
4.71750000E+001 -0.0780451
4.72000000E+001 -0.0779514
4.72250000E+001 -0.0778578
4.72500000E+001 -0.0777644
4.72750000E+001 -0.0776711
4.73000000E+001 -0.0775779
4.73250000E+001 -0.0774849
4.73500000E+001 -0.077392
4.73750000E+001 -0.0772993
4.74000000E+001 -0.0772066
4.74250000E+001 -0.0771141
4.74500000E+001 -0.0770218
4.74750000E+001 -0.0769295
4.75000000E+001 -0.0768374
4.75250000E+001 -0.0767454
4.75500000E+001 -0.0766536
4.75750000E+001 -0.0765619
4.76000000E+001 -0.0764703
4.76250000E+001 -0.0763789
4.76500000E+001 -0.0762875
4.76750000E+001 -0.0761963
4.77000000E+001 -0.0761053
4.77250000E+001 -0.0760144
4.77500000E+001 -0.0759236
4.77750000E+001 -0.0758329
4.78000000E+001 -0.0757423
4.78250000E+001 -0.0756519
4.78500000E+001 -0.0755616
4.78750000E+001 -0.0754715
4.79000000E+001 -0.0753814
4.79250000E+001 -0.0752915
4.79500000E+001 -0.0752018
4.79750000E+001 -0.0751121
4.80000000E+001 -0.0750226
4.80250000E+001 -0.0749332
4.80500000E+001 -0.0748439
4.80750000E+001 -0.0747548
4.81000000E+001 -0.0746658
4.81250000E+001 -0.0745769
4.81500000E+001 -0.0744881
4.81750000E+001 -0.0743995
4.82000000E+001 -0.074311
4.82250000E+001 -0.0742226
4.82500000E+001 -0.0741343
4.82750000E+001 -0.0740462
4.83000000E+001 -0.0739581
4.83250000E+001 -0.0738702
4.83500000E+001 -0.0737825
4.83750000E+001 -0.0736948
4.84000000E+001 -0.0736073
4.84250000E+001 -0.0735199
4.84500000E+001 -0.0734326
4.84750000E+001 -0.0733455
4.85000000E+001 -0.0732585
4.85250000E+001 -0.0731716
4.85500000E+001 -0.0730848
4.85750000E+001 -0.0729981
4.86000000E+001 -0.0729116
4.86250000E+001 -0.0728251
4.86500000E+001 -0.0727388
4.86750000E+001 -0.0726527
4.87000000E+001 -0.0725666
4.87250000E+001 -0.0724807
4.87500000E+001 -0.0723949
4.87750000E+001 -0.0723092
4.88000000E+001 -0.0722236
4.88250000E+001 -0.0721381
4.88500000E+001 -0.0720528
4.88750000E+001 -0.0719676
4.89000000E+001 -0.0718825
4.89250000E+001 -0.0717975
4.89500000E+001 -0.0717127
4.89750000E+001 -0.0716279
4.90000000E+001 -0.0715433
4.90250000E+001 -0.0714588
4.90500000E+001 -0.0713744
4.90750000E+001 -0.0712902
4.91000000E+001 -0.071206
4.91250000E+001 -0.071122
4.91500000E+001 -0.0710381
4.91750000E+001 -0.0709543
4.92000000E+001 -0.0708706
4.92250000E+001 -0.070787
4.92500000E+001 -0.0707036
4.92750000E+001 -0.0706203
4.93000000E+001 -0.0705371
4.93250000E+001 -0.070454
4.93500000E+001 -0.070371
4.93750000E+001 -0.0702881
4.94000000E+001 -0.0702054
4.94250000E+001 -0.0701227
4.94500000E+001 -0.0700402
4.94750000E+001 -0.0699578
4.95000000E+001 -0.0698755
4.95250000E+001 -0.0697933
4.95500000E+001 -0.0697113
4.95750000E+001 -0.0696293
4.96000000E+001 -0.0695475
4.96250000E+001 -0.0694658
4.96500000E+001 -0.0693842
4.96750000E+001 -0.0693027
4.97000000E+001 -0.0692213
4.97250000E+001 -0.06914
4.97500000E+001 -0.0690589
4.97750000E+001 -0.0689778
4.98000000E+001 -0.0688969
4.98250000E+001 -0.0688161
4.98500000E+001 -0.0687354
4.98750000E+001 -0.0686548
4.99000000E+001 -0.0685743
4.99250000E+001 -0.0684939
4.99500000E+001 -0.0684137
4.99750000E+001 -0.0683335
5.00000000E+001 -0.0682535
