1.77500000E+000 363.922
1.80000000E+000 299.523
1.82500000E+000 246.274
1.85000000E+000 202.193
1.87500000E+000 165.664
1.90000000E+000 135.372
1.92500000E+000 110.239
1.95000000E+000 89.3837
1.97500000E+000 72.0801
2.00000000E+000 57.7305
2.02500000E+000 45.8416
2.05000000E+000 36.005
2.07500000E+000 27.8823
2.10000000E+000 21.192
2.12500000E+000 15.7
2.15000000E+000 11.211
2.17500000E+000 7.56158
2.20000000E+000 4.61529
2.22500000E+000 2.25755
2.25000000E+000 0.39221
2.27500000E+000 -0.994373
2.30000000E+000 -1.7632
2.32500000E+000 -2.19207
2.35000000E+000 -2.44773
2.37500000E+000 -2.60013
2.40000000E+000 -2.68357
2.42500000E+000 -2.71704
2.45000000E+000 -2.71198
2.47500000E+000 -2.67559
2.50000000E+000 -2.61258
2.52500000E+000 -2.52598
2.55000000E+000 -2.41768
2.57500000E+000 -2.2887
2.60000000E+000 -2.13937
2.62500000E+000 -1.9694
2.65000000E+000 -1.77802
2.67500000E+000 -1.56406
2.70000000E+000 -1.32619
2.72500000E+000 -1.06348
2.75000000E+000 -0.776664
2.77500000E+000 -0.470503
2.80000000E+000 -0.156576
2.82500000E+000 0.149695
2.85000000E+000 0.441944
2.87500000E+000 0.719175
2.90000000E+000 0.980734
2.92500000E+000 1.22617
2.95000000E+000 1.45523
2.97500000E+000 1.66777
3.00000000E+000 1.86381
3.02500000E+000 2.04343
3.05000000E+000 2.20681
3.07500000E+000 2.35418
3.10000000E+000 2.48579
3.12500000E+000 2.60192
3.15000000E+000 2.70286
3.17500000E+000 2.78891
3.20000000E+000 2.86041
3.22500000E+000 2.91769
3.25000000E+000 2.96116
3.27500000E+000 2.99125
3.30000000E+000 3.00844
3.32500000E+000 3.01328
3.35000000E+000 3.00633
3.37500000E+000 2.9882
3.40000000E+000 2.95955
3.42500000E+000 2.92101
3.45000000E+000 2.87325
3.47500000E+000 2.81694
3.50000000E+000 2.75273
3.52500000E+000 2.68126
3.55000000E+000 2.60317
3.57500000E+000 2.51907
3.60000000E+000 2.42954
3.62500000E+000 2.33516
3.65000000E+000 2.23647
3.67500000E+000 2.134
3.70000000E+000 2.02824
3.72500000E+000 1.91966
3.75000000E+000 1.80873
3.77500000E+000 1.69585
3.80000000E+000 1.58145
3.82500000E+000 1.4659
3.85000000E+000 1.34957
3.87500000E+000 1.23279
3.90000000E+000 1.11589
3.92500000E+000 0.999156
3.95000000E+000 0.88288
3.97500000E+000 0.767321
4.00000000E+000 0.652723
4.02500000E+000 0.539311
4.05000000E+000 0.427294
4.07500000E+000 0.316865
4.10000000E+000 0.2082
4.12500000E+000 0.101461
4.15000000E+000 -0.00320766
4.17500000E+000 -0.10565
4.20000000E+000 -0.20554
4.22500000E+000 -0.302388
4.25000000E+000 -0.395719
4.27500000E+000 -0.485157
4.30000000E+000 -0.570441
4.32500000E+000 -0.651423
4.35000000E+000 -0.72804
4.37500000E+000 -0.800291
4.40000000E+000 -0.868217
4.42500000E+000 -0.931885
4.45000000E+000 -0.991372
4.47500000E+000 -1.04676
4.50000000E+000 -1.09814
4.52500000E+000 -1.14558
4.55000000E+000 -1.18917
4.57500000E+000 -1.229
4.60000000E+000 -1.26515
4.62500000E+000 -1.29772
4.65000000E+000 -1.32682
4.67500000E+000 -1.35256
4.70000000E+000 -1.37507
4.72500000E+000 -1.39449
4.75000000E+000 -1.41098
4.77500000E+000 -1.42469
4.80000000E+000 -1.4358
4.82500000E+000 -1.44448
4.85000000E+000 -1.45092
4.87500000E+000 -1.45529
4.90000000E+000 -1.45778
4.92500000E+000 -1.45858
4.95000000E+000 -1.45788
4.97500000E+000 -1.45585
5.00000000E+000 -1.45267
5.02500000E+000 -1.44851
5.05000000E+000 -1.44352
5.07500000E+000 -1.43784
5.10000000E+000 -1.43155
5.12500000E+000 -1.42473
5.15000000E+000 -1.41733
5.17500000E+000 -1.40928
5.20000000E+000 -1.40041
5.22500000E+000 -1.39048
5.25000000E+000 -1.37923
5.27500000E+000 -1.36638
5.30000000E+000 -1.35166
5.32500000E+000 -1.33487
5.35000000E+000 -1.31585
5.37500000E+000 -1.29456
5.40000000E+000 -1.27103
5.42500000E+000 -1.24539
5.45000000E+000 -1.21783
5.47500000E+000 -1.18864
5.50000000E+000 -1.15812
5.52500000E+000 -1.12664
5.55000000E+000 -1.09457
5.57500000E+000 -1.0623
5.60000000E+000 -1.03021
5.62500000E+000 -0.998653
5.65000000E+000 -0.967966
5.67500000E+000 -0.938449
5.70000000E+000 -0.910364
5.72500000E+000 -0.883934
5.75000000E+000 -0.85934
5.77500000E+000 -0.83672
5.80000000E+000 -0.816177
5.82500000E+000 -0.797773
5.85000000E+000 -0.781542
5.87500000E+000 -0.767483
5.90000000E+000 -0.755575
5.92500000E+000 -0.74577
5.95000000E+000 -0.738005
5.97500000E+000 -0.732198
6.00000000E+000 -0.728257
6.02500000E+000 -0.726079
6.05000000E+000 -0.725552
6.07500000E+000 -0.72656
6.10000000E+000 -0.728984
6.12500000E+000 -0.732704
6.15000000E+000 -0.737599
6.17500000E+000 -0.743551
6.20000000E+000 -0.750445
6.22500000E+000 -0.758169
6.25000000E+000 -0.766617
6.27500000E+000 -0.775687
6.30000000E+000 -0.785285
6.32500000E+000 -0.79532
6.35000000E+000 -0.805708
6.37500000E+000 -0.816371
6.40000000E+000 -0.827235
6.42500000E+000 -0.838233
6.45000000E+000 -0.8493
6.47500000E+000 -0.86038
6.50000000E+000 -0.871416
6.52500000E+000 -0.88236
6.55000000E+000 -0.893163
6.57500000E+000 -0.903783
6.60000000E+000 -0.91418
6.62500000E+000 -0.924317
6.65000000E+000 -0.934159
6.67500000E+000 -0.943676
6.70000000E+000 -0.95284
6.72500000E+000 -0.961623
6.75000000E+000 -0.970004
6.77500000E+000 -0.97796
6.80000000E+000 -0.985473
6.82500000E+000 -0.992525
6.85000000E+000 -0.999101
6.87500000E+000 -1.00519
6.90000000E+000 -1.01078
6.92500000E+000 -1.01586
6.95000000E+000 -1.02044
6.97500000E+000 -1.0245
7.00000000E+000 -1.02805
7.02500000E+000 -1.03109
7.05000000E+000 -1.03362
7.07500000E+000 -1.03566
7.10000000E+000 -1.03721
7.12500000E+000 -1.03829
7.15000000E+000 -1.03891
7.17500000E+000 -1.03908
7.20000000E+000 -1.03883
7.22500000E+000 -1.03815
7.25000000E+000 -1.03708
7.27500000E+000 -1.03563
7.30000000E+000 -1.03382
7.32500000E+000 -1.03165
7.35000000E+000 -1.02915
7.37500000E+000 -1.02634
7.40000000E+000 -1.02321
7.42500000E+000 -1.0198
7.45000000E+000 -1.01611
7.47500000E+000 -1.01216
7.50000000E+000 -1.00795
7.52500000E+000 -1.00352
7.55000000E+000 -0.998865
7.57500000E+000 -0.994006
7.60000000E+000 -0.988957
7.62500000E+000 -0.983734
7.65000000E+000 -0.978353
7.67500000E+000 -0.972829
7.70000000E+000 -0.967178
7.72500000E+000 -0.961417
7.75000000E+000 -0.955559
7.77500000E+000 -0.949621
7.80000000E+000 -0.943617
7.82500000E+000 -0.93756
7.85000000E+000 -0.931465
7.87500000E+000 -0.925343
7.90000000E+000 -0.919205
7.92500000E+000 -0.913064
7.95000000E+000 -0.906928
7.97500000E+000 -0.900807
8.00000000E+000 -0.89471
8.02500000E+000 -0.888648
8.05000000E+000 -0.882628
8.07500000E+000 -0.876661
8.10000000E+000 -0.870757
8.12500000E+000 -0.864928
8.15000000E+000 -0.859187
8.17500000E+000 -0.853546
8.20000000E+000 -0.848021
8.22500000E+000 -0.842627
8.25000000E+000 -0.837381
8.27500000E+000 -0.8323
8.30000000E+000 -0.8274
8.32500000E+000 -0.822699
8.35000000E+000 -0.818212
8.37500000E+000 -0.813954
8.40000000E+000 -0.809939
8.42500000E+000 -0.806179
8.45000000E+000 -0.802683
8.47500000E+000 -0.799459
8.50000000E+000 -0.79651
8.52500000E+000 -0.793839
8.55000000E+000 -0.791445
8.57500000E+000 -0.789326
8.60000000E+000 -0.787474
8.62500000E+000 -0.785883
8.65000000E+000 -0.784541
8.67500000E+000 -0.783437
8.70000000E+000 -0.782557
8.72500000E+000 -0.781884
8.75000000E+000 -0.781404
8.77500000E+000 -0.781097
8.80000000E+000 -0.780947
8.82500000E+000 -0.780934
8.85000000E+000 -0.781041
8.87500000E+000 -0.781247
8.90000000E+000 -0.781536
8.92500000E+000 -0.781889
8.95000000E+000 -0.782289
8.97500000E+000 -0.782719
9.00000000E+000 -0.783163
9.02500000E+000 -0.783606
9.05000000E+000 -0.784035
9.07500000E+000 -0.784436
9.10000000E+000 -0.784797
9.12500000E+000 -0.785108
9.15000000E+000 -0.785358
9.17500000E+000 -0.78554
9.20000000E+000 -0.785645
9.22500000E+000 -0.785667
9.25000000E+000 -0.785599
9.27500000E+000 -0.785439
9.30000000E+000 -0.785181
9.32500000E+000 -0.784822
9.35000000E+000 -0.784362
9.37500000E+000 -0.783798
9.40000000E+000 -0.78313
9.42500000E+000 -0.782358
9.45000000E+000 -0.781482
9.47500000E+000 -0.780504
9.50000000E+000 -0.779426
9.52500000E+000 -0.778249
9.55000000E+000 -0.776976
9.57500000E+000 -0.775609
9.60000000E+000 -0.774153
9.62500000E+000 -0.77261
9.65000000E+000 -0.770984
9.67500000E+000 -0.769279
9.70000000E+000 -0.767498
9.72500000E+000 -0.765646
9.75000000E+000 -0.763726
9.77500000E+000 -0.761744
9.80000000E+000 -0.759703
9.82500000E+000 -0.757608
9.85000000E+000 -0.755463
9.87500000E+000 -0.753272
9.90000000E+000 -0.751041
9.92500000E+000 -0.748772
9.95000000E+000 -0.746471
9.97500000E+000 -0.744141
1.00000000E+001 -0.741787
1.00250000E+001 -0.739413
1.00500000E+001 -0.737023
1.00750000E+001 -0.734621
1.01000000E+001 -0.732211
1.01250000E+001 -0.729795
1.01500000E+001 -0.727379
1.01750000E+001 -0.724964
1.02000000E+001 -0.722556
1.02250000E+001 -0.720156
1.02500000E+001 -0.717768
1.02750000E+001 -0.715394
1.03000000E+001 -0.713038
1.03250000E+001 -0.710702
1.03500000E+001 -0.708389
1.03750000E+001 -0.7061
1.04000000E+001 -0.703838
1.04250000E+001 -0.701605
1.04500000E+001 -0.699402
1.04750000E+001 -0.697231
1.05000000E+001 -0.695094
1.05250000E+001 -0.692991
1.05500000E+001 -0.690925
1.05750000E+001 -0.688894
1.06000000E+001 -0.686902
1.06250000E+001 -0.684946
1.06500000E+001 -0.68303
1.06750000E+001 -0.681151
1.07000000E+001 -0.679311
1.07250000E+001 -0.677509
1.07500000E+001 -0.675744
1.07750000E+001 -0.674017
1.08000000E+001 -0.672327
1.08250000E+001 -0.670673
1.08500000E+001 -0.669054
1.08750000E+001 -0.667469
1.09000000E+001 -0.665918
1.09250000E+001 -0.664399
1.09500000E+001 -0.662911
1.09750000E+001 -0.661453
1.10000000E+001 -0.660024
1.10250000E+001 -0.658623
1.10500000E+001 -0.657248
1.10750000E+001 -0.655897
1.11000000E+001 -0.654571
1.11250000E+001 -0.653266
1.11500000E+001 -0.651983
1.11750000E+001 -0.650719
1.12000000E+001 -0.649473
1.12250000E+001 -0.648244
1.12500000E+001 -0.647031
1.12750000E+001 -0.645831
1.13000000E+001 -0.644643
1.13250000E+001 -0.643466
1.13500000E+001 -0.642299
1.13750000E+001 -0.641139
1.14000000E+001 -0.639986
1.14250000E+001 -0.638838
1.14500000E+001 -0.637693
1.14750000E+001 -0.63655
1.15000000E+001 -0.635407
1.15250000E+001 -0.634264
1.15500000E+001 -0.633118
1.15750000E+001 -0.631968
1.16000000E+001 -0.630814
1.16250000E+001 -0.629653
1.16500000E+001 -0.628486
1.16750000E+001 -0.62731
1.17000000E+001 -0.626125
1.17250000E+001 -0.62493
1.17500000E+001 -0.623725
1.17750000E+001 -0.622509
1.18000000E+001 -0.621281
1.18250000E+001 -0.620041
1.18500000E+001 -0.618789
1.18750000E+001 -0.617524
1.19000000E+001 -0.616247
1.19250000E+001 -0.614958
1.19500000E+001 -0.613657
1.19750000E+001 -0.612344
1.20000000E+001 -0.611019
1.20250000E+001 -0.609683
1.20500000E+001 -0.608338
1.20750000E+001 -0.606982
1.21000000E+001 -0.605617
1.21250000E+001 -0.604244
1.21500000E+001 -0.602864
1.21750000E+001 -0.601477
1.22000000E+001 -0.600085
1.22250000E+001 -0.598688
1.22500000E+001 -0.597287
1.22750000E+001 -0.595884
1.23000000E+001 -0.594479
1.23250000E+001 -0.593073
1.23500000E+001 -0.591668
1.23750000E+001 -0.590264
1.24000000E+001 -0.588862
1.24250000E+001 -0.587464
1.24500000E+001 -0.58607
1.24750000E+001 -0.584681
1.25000000E+001 -0.583298
1.25250000E+001 -0.581922
1.25500000E+001 -0.580554
1.25750000E+001 -0.579194
1.26000000E+001 -0.577842
1.26250000E+001 -0.576501
1.26500000E+001 -0.57517
1.26750000E+001 -0.573849
1.27000000E+001 -0.572539
1.27250000E+001 -0.571241
1.27500000E+001 -0.569955
1.27750000E+001 -0.568682
1.28000000E+001 -0.56742
1.28250000E+001 -0.566171
1.28500000E+001 -0.564935
1.28750000E+001 -0.563712
1.29000000E+001 -0.562501
1.29250000E+001 -0.561303
1.29500000E+001 -0.560118
1.29750000E+001 -0.558945
1.30000000E+001 -0.557785
1.30250000E+001 -0.556636
1.30500000E+001 -0.555499
1.30750000E+001 -0.554374
1.31000000E+001 -0.55326
1.31250000E+001 -0.552157
1.31500000E+001 -0.551063
1.31750000E+001 -0.54998
1.32000000E+001 -0.548907
1.32250000E+001 -0.547842
1.32500000E+001 -0.546786
1.32750000E+001 -0.545737
1.33000000E+001 -0.544696
1.33250000E+001 -0.543663
1.33500000E+001 -0.542635
1.33750000E+001 -0.541613
1.34000000E+001 -0.540597
1.34250000E+001 -0.539585
1.34500000E+001 -0.538578
1.34750000E+001 -0.537575
1.35000000E+001 -0.536575
1.35250000E+001 -0.535577
1.35500000E+001 -0.534582
1.35750000E+001 -0.533589
1.36000000E+001 -0.532597
1.36250000E+001 -0.531606
1.36500000E+001 -0.530616
1.36750000E+001 -0.529626
1.37000000E+001 -0.528636
1.37250000E+001 -0.527646
1.37500000E+001 -0.526655
1.37750000E+001 -0.525663
1.38000000E+001 -0.52467
1.38250000E+001 -0.523675
1.38500000E+001 -0.522679
1.38750000E+001 -0.521682
1.39000000E+001 -0.520683
1.39250000E+001 -0.519682
1.39500000E+001 -0.518679
1.39750000E+001 -0.517674
1.40000000E+001 -0.516667
1.40250000E+001 -0.515658
1.40500000E+001 -0.514648
1.40750000E+001 -0.513636
1.41000000E+001 -0.512622
1.41250000E+001 -0.511607
1.41500000E+001 -0.51059
1.41750000E+001 -0.509572
1.42000000E+001 -0.508553
1.42250000E+001 -0.507533
1.42500000E+001 -0.506512
1.42750000E+001 -0.505491
1.43000000E+001 -0.50447
1.43250000E+001 -0.503448
1.43500000E+001 -0.502427
1.43750000E+001 -0.501406
1.44000000E+001 -0.500385
1.44250000E+001 -0.499366
1.44500000E+001 -0.498347
1.44750000E+001 -0.49733
1.45000000E+001 -0.496315
1.45250000E+001 -0.495302
1.45500000E+001 -0.49429
1.45750000E+001 -0.493282
1.46000000E+001 -0.492276
1.46250000E+001 -0.491272
1.46500000E+001 -0.490272
1.46750000E+001 -0.489276
1.47000000E+001 -0.488282
1.47250000E+001 -0.487293
1.47500000E+001 -0.486308
1.47750000E+001 -0.485327
1.48000000E+001 -0.484351
1.48250000E+001 -0.483379
1.48500000E+001 -0.482413
1.48750000E+001 -0.481451
1.49000000E+001 -0.480494
1.49250000E+001 -0.479543
1.49500000E+001 -0.478597
1.49750000E+001 -0.477657
1.50000000E+001 -0.476722
1.50250000E+001 -0.475793
1.50500000E+001 -0.47487
1.50750000E+001 -0.473953
1.51000000E+001 -0.473042
1.51250000E+001 -0.472137
1.51500000E+001 -0.471238
1.51750000E+001 -0.470345
1.52000000E+001 -0.469457
1.52250000E+001 -0.468576
1.52500000E+001 -0.467701
1.52750000E+001 -0.466831
1.53000000E+001 -0.465967
1.53250000E+001 -0.465109
1.53500000E+001 -0.464257
1.53750000E+001 -0.46341
1.54000000E+001 -0.462568
1.54250000E+001 -0.461732
1.54500000E+001 -0.460901
1.54750000E+001 -0.460074
1.55000000E+001 -0.459253
1.55250000E+001 -0.458436
1.55500000E+001 -0.457623
1.55750000E+001 -0.456815
1.56000000E+001 -0.456011
1.56250000E+001 -0.45521
1.56500000E+001 -0.454414
1.56750000E+001 -0.453621
1.57000000E+001 -0.452831
1.57250000E+001 -0.452044
1.57500000E+001 -0.45126
1.57750000E+001 -0.450479
1.58000000E+001 -0.449701
1.58250000E+001 -0.448925
1.58500000E+001 -0.448151
1.58750000E+001 -0.447379
1.59000000E+001 -0.446608
1.59250000E+001 -0.44584
1.59500000E+001 -0.445073
1.59750000E+001 -0.444307
1.60000000E+001 -0.443542
1.60250000E+001 -0.442779
1.60500000E+001 -0.442016
1.60750000E+001 -0.441254
1.61000000E+001 -0.440493
1.61250000E+001 -0.439732
1.61500000E+001 -0.438972
1.61750000E+001 -0.438212
1.62000000E+001 -0.437452
1.62250000E+001 -0.436693
1.62500000E+001 -0.435934
1.62750000E+001 -0.435174
1.63000000E+001 -0.434415
1.63250000E+001 -0.433657
1.63500000E+001 -0.432898
1.63750000E+001 -0.432139
1.64000000E+001 -0.43138
1.64250000E+001 -0.430621
1.64500000E+001 -0.429863
1.64750000E+001 -0.429104
1.65000000E+001 -0.428346
1.65250000E+001 -0.427588
1.65500000E+001 -0.42683
1.65750000E+001 -0.426073
1.66000000E+001 -0.425316
1.66250000E+001 -0.424559
1.66500000E+001 -0.423803
1.66750000E+001 -0.423047
1.67000000E+001 -0.422293
1.67250000E+001 -0.421539
1.67500000E+001 -0.420786
1.67750000E+001 -0.420033
1.68000000E+001 -0.419282
1.68250000E+001 -0.418533
1.68500000E+001 -0.417784
1.68750000E+001 -0.417037
1.69000000E+001 -0.416292
1.69250000E+001 -0.415548
1.69500000E+001 -0.414806
1.69750000E+001 -0.414065
1.70000000E+001 -0.413327
1.70250000E+001 -0.41259
1.70500000E+001 -0.411856
1.70750000E+001 -0.411124
1.71000000E+001 -0.410394
1.71250000E+001 -0.409666
1.71500000E+001 -0.408941
1.71750000E+001 -0.408218
1.72000000E+001 -0.407498
1.72250000E+001 -0.406781
1.72500000E+001 -0.406066
1.72750000E+001 -0.405355
1.73000000E+001 -0.404646
1.73250000E+001 -0.403939
1.73500000E+001 -0.403236
1.73750000E+001 -0.402536
1.74000000E+001 -0.401838
1.74250000E+001 -0.401144
1.74500000E+001 -0.400453
1.74750000E+001 -0.399764
1.75000000E+001 -0.399079
1.75250000E+001 -0.398397
1.75500000E+001 -0.397718
1.75750000E+001 -0.397042
1.76000000E+001 -0.396368
1.76250000E+001 -0.395698
1.76500000E+001 -0.395031
1.76750000E+001 -0.394367
1.77000000E+001 -0.393706
1.77250000E+001 -0.393047
1.77500000E+001 -0.392392
1.77750000E+001 -0.391739
1.78000000E+001 -0.391089
1.78250000E+001 -0.390442
1.78500000E+001 -0.389798
1.78750000E+001 -0.389156
1.79000000E+001 -0.388517
1.79250000E+001 -0.38788
1.79500000E+001 -0.387246
1.79750000E+001 -0.386614
1.80000000E+001 -0.385984
1.80250000E+001 -0.385357
1.80500000E+001 -0.384732
1.80750000E+001 -0.384109
1.81000000E+001 -0.383488
1.81250000E+001 -0.382869
1.81500000E+001 -0.382252
1.81750000E+001 -0.381637
1.82000000E+001 -0.381024
1.82250000E+001 -0.380413
1.82500000E+001 -0.379803
1.82750000E+001 -0.379195
1.83000000E+001 -0.378588
1.83250000E+001 -0.377983
1.83500000E+001 -0.37738
1.83750000E+001 -0.376778
1.84000000E+001 -0.376177
1.84250000E+001 -0.375578
1.84500000E+001 -0.37498
1.84750000E+001 -0.374383
1.85000000E+001 -0.373787
1.85250000E+001 -0.373192
1.85500000E+001 -0.372599
1.85750000E+001 -0.372007
1.86000000E+001 -0.371415
1.86250000E+001 -0.370825
1.86500000E+001 -0.370235
1.86750000E+001 -0.369647
1.87000000E+001 -0.36906
1.87250000E+001 -0.368473
1.87500000E+001 -0.367887
1.87750000E+001 -0.367303
1.88000000E+001 -0.366719
1.88250000E+001 -0.366136
1.88500000E+001 -0.365554
1.88750000E+001 -0.364972
1.89000000E+001 -0.364392
1.89250000E+001 -0.363813
1.89500000E+001 -0.363234
1.89750000E+001 -0.362656
1.90000000E+001 -0.362079
1.90250000E+001 -0.361504
1.90500000E+001 -0.360929
1.90750000E+001 -0.360355
1.91000000E+001 -0.359782
1.91250000E+001 -0.35921
1.91500000E+001 -0.358639
1.91750000E+001 -0.358069
1.92000000E+001 -0.3575
1.92250000E+001 -0.356932
1.92500000E+001 -0.356365
1.92750000E+001 -0.355799
1.93000000E+001 -0.355235
1.93250000E+001 -0.354671
1.93500000E+001 -0.354109
1.93750000E+001 -0.353548
1.94000000E+001 -0.352989
1.94250000E+001 -0.35243
1.94500000E+001 -0.351873
1.94750000E+001 -0.351317
1.95000000E+001 -0.350763
1.95250000E+001 -0.35021
1.95500000E+001 -0.349658
1.95750000E+001 -0.349108
1.96000000E+001 -0.348559
1.96250000E+001 -0.348011
1.96500000E+001 -0.347465
1.96750000E+001 -0.346921
1.97000000E+001 -0.346378
1.97250000E+001 -0.345837
1.97500000E+001 -0.345297
1.97750000E+001 -0.344758
1.98000000E+001 -0.344222
1.98250000E+001 -0.343686
1.98500000E+001 -0.343153
1.98750000E+001 -0.342621
1.99000000E+001 -0.34209
1.99250000E+001 -0.341561
1.99500000E+001 -0.341034
1.99750000E+001 -0.340508
2.00000000E+001 -0.339984
2.00250000E+001 -0.339462
2.00500000E+001 -0.338941
2.00750000E+001 -0.338421
2.01000000E+001 -0.337904
2.01250000E+001 -0.337388
2.01500000E+001 -0.336873
2.01750000E+001 -0.33636
2.02000000E+001 -0.335848
2.02250000E+001 -0.335338
2.02500000E+001 -0.33483
2.02750000E+001 -0.334323
2.03000000E+001 -0.333818
2.03250000E+001 -0.333314
2.03500000E+001 -0.332811
2.03750000E+001 -0.33231
2.04000000E+001 -0.33181
2.04250000E+001 -0.331312
2.04500000E+001 -0.330815
2.04750000E+001 -0.33032
2.05000000E+001 -0.329826
2.05250000E+001 -0.329333
2.05500000E+001 -0.328842
2.05750000E+001 -0.328352
2.06000000E+001 -0.327863
2.06250000E+001 -0.327376
2.06500000E+001 -0.326889
2.06750000E+001 -0.326404
2.07000000E+001 -0.325921
2.07250000E+001 -0.325438
2.07500000E+001 -0.324957
2.07750000E+001 -0.324476
2.08000000E+001 -0.323997
2.08250000E+001 -0.323519
2.08500000E+001 -0.323043
2.08750000E+001 -0.322567
2.09000000E+001 -0.322092
2.09250000E+001 -0.321619
2.09500000E+001 -0.321146
2.09750000E+001 -0.320675
2.10000000E+001 -0.320204
2.10250000E+001 -0.319735
2.10500000E+001 -0.319267
2.10750000E+001 -0.318799
2.11000000E+001 -0.318333
2.11250000E+001 -0.317867
2.11500000E+001 -0.317403
2.11750000E+001 -0.31694
2.12000000E+001 -0.316477
2.12250000E+001 -0.316016
2.12500000E+001 -0.315555
2.12750000E+001 -0.315095
2.13000000E+001 -0.314637
2.13250000E+001 -0.314179
2.13500000E+001 -0.313722
2.13750000E+001 -0.313266
2.14000000E+001 -0.312811
2.14250000E+001 -0.312357
2.14500000E+001 -0.311904
2.14750000E+001 -0.311452
2.15000000E+001 -0.311
2.15250000E+001 -0.31055
2.15500000E+001 -0.3101
2.15750000E+001 -0.309652
2.16000000E+001 -0.309204
2.16250000E+001 -0.308758
2.16500000E+001 -0.308312
2.16750000E+001 -0.307867
2.17000000E+001 -0.307423
2.17250000E+001 -0.30698
2.17500000E+001 -0.306538
2.17750000E+001 -0.306097
2.18000000E+001 -0.305657
2.18250000E+001 -0.305218
2.18500000E+001 -0.304779
2.18750000E+001 -0.304342
2.19000000E+001 -0.303906
2.19250000E+001 -0.30347
2.19500000E+001 -0.303036
2.19750000E+001 -0.302602
2.20000000E+001 -0.30217
2.20250000E+001 -0.301738
2.20500000E+001 -0.301308
2.20750000E+001 -0.300878
2.21000000E+001 -0.300449
2.21250000E+001 -0.300022
2.21500000E+001 -0.299595
2.21750000E+001 -0.299169
2.22000000E+001 -0.298744
2.22250000E+001 -0.29832
2.22500000E+001 -0.297898
2.22750000E+001 -0.297476
2.23000000E+001 -0.297055
2.23250000E+001 -0.296635
2.23500000E+001 -0.296216
2.23750000E+001 -0.295798
2.24000000E+001 -0.295381
2.24250000E+001 -0.294965
2.24500000E+001 -0.29455
2.24750000E+001 -0.294136
2.25000000E+001 -0.293723
2.25250000E+001 -0.293311
2.25500000E+001 -0.2929
2.25750000E+001 -0.29249
2.26000000E+001 -0.292081
2.26250000E+001 -0.291673
2.26500000E+001 -0.291266
2.26750000E+001 -0.290859
2.27000000E+001 -0.290454
2.27250000E+001 -0.29005
2.27500000E+001 -0.289646
2.27750000E+001 -0.289244
2.28000000E+001 -0.288842
2.28250000E+001 -0.288442
2.28500000E+001 -0.288042
2.28750000E+001 -0.287643
2.29000000E+001 -0.287245
2.29250000E+001 -0.286848
2.29500000E+001 -0.286452
2.29750000E+001 -0.286057
2.30000000E+001 -0.285663
2.30250000E+001 -0.28527
2.30500000E+001 -0.284877
2.30750000E+001 -0.284486
2.31000000E+001 -0.284095
2.31250000E+001 -0.283705
2.31500000E+001 -0.283316
2.31750000E+001 -0.282928
2.32000000E+001 -0.282541
2.32250000E+001 -0.282154
2.32500000E+001 -0.281769
2.32750000E+001 -0.281384
2.33000000E+001 -0.281
2.33250000E+001 -0.280617
2.33500000E+001 -0.280235
2.33750000E+001 -0.279854
2.34000000E+001 -0.279473
2.34250000E+001 -0.279094
2.34500000E+001 -0.278715
2.34750000E+001 -0.278337
2.35000000E+001 -0.277959
2.35250000E+001 -0.277583
2.35500000E+001 -0.277207
2.35750000E+001 -0.276832
2.36000000E+001 -0.276458
2.36250000E+001 -0.276085
2.36500000E+001 -0.275712
2.36750000E+001 -0.275341
2.37000000E+001 -0.27497
2.37250000E+001 -0.2746
2.37500000E+001 -0.27423
2.37750000E+001 -0.273862
2.38000000E+001 -0.273494
2.38250000E+001 -0.273127
2.38500000E+001 -0.27276
2.38750000E+001 -0.272395
2.39000000E+001 -0.27203
2.39250000E+001 -0.271666
2.39500000E+001 -0.271302
2.39750000E+001 -0.27094
2.40000000E+001 -0.270578
2.40250000E+001 -0.270217
2.40500000E+001 -0.269856
2.40750000E+001 -0.269497
2.41000000E+001 -0.269138
2.41250000E+001 -0.26878
2.41500000E+001 -0.268422
2.41750000E+001 -0.268066
2.42000000E+001 -0.26771
2.42250000E+001 -0.267355
2.42500000E+001 -0.267
2.42750000E+001 -0.266646
2.43000000E+001 -0.266293
2.43250000E+001 -0.265941
2.43500000E+001 -0.26559
2.43750000E+001 -0.265239
2.44000000E+001 -0.264889
2.44250000E+001 -0.264539
2.44500000E+001 -0.264191
2.44750000E+001 -0.263843
2.45000000E+001 -0.263495
2.45250000E+001 -0.263149
2.45500000E+001 -0.262803
2.45750000E+001 -0.262458
2.46000000E+001 -0.262113
2.46250000E+001 -0.26177
2.46500000E+001 -0.261427
2.46750000E+001 -0.261084
2.47000000E+001 -0.260743
2.47250000E+001 -0.260402
2.47500000E+001 -0.260062
2.47750000E+001 -0.259722
2.48000000E+001 -0.259384
2.48250000E+001 -0.259045
2.48500000E+001 -0.258708
2.48750000E+001 -0.258371
2.49000000E+001 -0.258035
2.49250000E+001 -0.2577
2.49500000E+001 -0.257365
2.49750000E+001 -0.257031
2.50000000E+001 -0.256698
2.50250000E+001 -0.256365
2.50500000E+001 -0.256033
2.50750000E+001 -0.255702
2.51000000E+001 -0.255371
2.51250000E+001 -0.255042
2.51500000E+001 -0.254712
2.51750000E+001 -0.254384
2.52000000E+001 -0.254056
2.52250000E+001 -0.253729
2.52500000E+001 -0.253402
2.52750000E+001 -0.253076
2.53000000E+001 -0.252751
2.53250000E+001 -0.252426
2.53500000E+001 -0.252102
2.53750000E+001 -0.251779
2.54000000E+001 -0.251456
2.54250000E+001 -0.251134
2.54500000E+001 -0.250813
2.54750000E+001 -0.250492
2.55000000E+001 -0.250172
2.55250000E+001 -0.249853
2.55500000E+001 -0.249534
2.55750000E+001 -0.249216
2.56000000E+001 -0.248898
2.56250000E+001 -0.248581
2.56500000E+001 -0.248265
2.56750000E+001 -0.247949
2.57000000E+001 -0.247634
2.57250000E+001 -0.24732
2.57500000E+001 -0.247006
2.57750000E+001 -0.246693
2.58000000E+001 -0.246381
2.58250000E+001 -0.246069
2.58500000E+001 -0.245758
2.58750000E+001 -0.245447
2.59000000E+001 -0.245137
2.59250000E+001 -0.244828
2.59500000E+001 -0.244519
2.59750000E+001 -0.244211
2.60000000E+001 -0.243903
2.60250000E+001 -0.243596
2.60500000E+001 -0.24329
2.60750000E+001 -0.242984
2.61000000E+001 -0.242679
2.61250000E+001 -0.242374
2.61500000E+001 -0.24207
2.61750000E+001 -0.241767
2.62000000E+001 -0.241464
2.62250000E+001 -0.241162
2.62500000E+001 -0.24086
2.62750000E+001 -0.240559
2.63000000E+001 -0.240259
2.63250000E+001 -0.239959
2.63500000E+001 -0.23966
2.63750000E+001 -0.239361
2.64000000E+001 -0.239063
2.64250000E+001 -0.238766
2.64500000E+001 -0.238469
2.64750000E+001 -0.238172
2.65000000E+001 -0.237877
2.65250000E+001 -0.237581
2.65500000E+001 -0.237287
2.65750000E+001 -0.236993
2.66000000E+001 -0.236699
2.66250000E+001 -0.236406
2.66500000E+001 -0.236114
2.66750000E+001 -0.235822
2.67000000E+001 -0.235531
2.67250000E+001 -0.23524
2.67500000E+001 -0.23495
2.67750000E+001 -0.23466
2.68000000E+001 -0.234371
2.68250000E+001 -0.234083
2.68500000E+001 -0.233795
2.68750000E+001 -0.233508
2.69000000E+001 -0.233221
2.69250000E+001 -0.232935
2.69500000E+001 -0.232649
2.69750000E+001 -0.232364
2.70000000E+001 -0.232079
2.70250000E+001 -0.231795
2.70500000E+001 -0.231512
2.70750000E+001 -0.231229
2.71000000E+001 -0.230946
2.71250000E+001 -0.230664
2.71500000E+001 -0.230383
2.71750000E+001 -0.230102
2.72000000E+001 -0.229821
2.72250000E+001 -0.229542
2.72500000E+001 -0.229262
2.72750000E+001 -0.228984
2.73000000E+001 -0.228705
2.73250000E+001 -0.228428
2.73500000E+001 -0.22815
2.73750000E+001 -0.227874
2.74000000E+001 -0.227598
2.74250000E+001 -0.227322
2.74500000E+001 -0.227047
2.74750000E+001 -0.226772
2.75000000E+001 -0.226498
2.75250000E+001 -0.226224
2.75500000E+001 -0.225951
2.75750000E+001 -0.225679
2.76000000E+001 -0.225407
2.76250000E+001 -0.225135
2.76500000E+001 -0.224864
2.76750000E+001 -0.224593
2.77000000E+001 -0.224323
2.77250000E+001 -0.224054
2.77500000E+001 -0.223785
2.77750000E+001 -0.223516
2.78000000E+001 -0.223248
2.78250000E+001 -0.22298
2.78500000E+001 -0.222713
2.78750000E+001 -0.222447
2.79000000E+001 -0.222181
2.79250000E+001 -0.221915
2.79500000E+001 -0.22165
2.79750000E+001 -0.221385
2.80000000E+001 -0.221121
2.80250000E+001 -0.220857
2.80500000E+001 -0.220594
2.80750000E+001 -0.220331
2.81000000E+001 -0.220069
2.81250000E+001 -0.219807
2.81500000E+001 -0.219546
2.81750000E+001 -0.219285
2.82000000E+001 -0.219025
2.82250000E+001 -0.218765
2.82500000E+001 -0.218506
2.82750000E+001 -0.218247
2.83000000E+001 -0.217989
2.83250000E+001 -0.217731
2.83500000E+001 -0.217473
2.83750000E+001 -0.217216
2.84000000E+001 -0.21696
2.84250000E+001 -0.216703
2.84500000E+001 -0.216448
2.84750000E+001 -0.216193
2.85000000E+001 -0.215938
2.85250000E+001 -0.215684
2.85500000E+001 -0.21543
2.85750000E+001 -0.215177
2.86000000E+001 -0.214924
2.86250000E+001 -0.214671
2.86500000E+001 -0.214419
2.86750000E+001 -0.214168
2.87000000E+001 -0.213917
2.87250000E+001 -0.213666
2.87500000E+001 -0.213416
2.87750000E+001 -0.213167
2.88000000E+001 -0.212917
2.88250000E+001 -0.212669
2.88500000E+001 -0.21242
2.88750000E+001 -0.212172
2.89000000E+001 -0.211925
2.89250000E+001 -0.211678
2.89500000E+001 -0.211431
2.89750000E+001 -0.211185
2.90000000E+001 -0.21094
2.90250000E+001 -0.210695
2.90500000E+001 -0.21045
2.90750000E+001 -0.210205
2.91000000E+001 -0.209961
2.91250000E+001 -0.209718
2.91500000E+001 -0.209475
2.91750000E+001 -0.209232
2.92000000E+001 -0.20899
2.92250000E+001 -0.208748
2.92500000E+001 -0.208507
2.92750000E+001 -0.208266
2.93000000E+001 -0.208026
2.93250000E+001 -0.207786
2.93500000E+001 -0.207546
2.93750000E+001 -0.207307
2.94000000E+001 -0.207068
2.94250000E+001 -0.20683
2.94500000E+001 -0.206592
2.94750000E+001 -0.206355
2.95000000E+001 -0.206118
2.95250000E+001 -0.205881
2.95500000E+001 -0.205645
2.95750000E+001 -0.205409
2.96000000E+001 -0.205173
2.96250000E+001 -0.204938
2.96500000E+001 -0.204704
2.96750000E+001 -0.20447
2.97000000E+001 -0.204236
2.97250000E+001 -0.204003
2.97500000E+001 -0.20377
2.97750000E+001 -0.203537
2.98000000E+001 -0.203305
2.98250000E+001 -0.203073
2.98500000E+001 -0.202842
2.98750000E+001 -0.202611
2.99000000E+001 -0.20238
2.99250000E+001 -0.20215
2.99500000E+001 -0.201921
2.99750000E+001 -0.201691
3.00000000E+001 -0.201462
3.00250000E+001 -0.201234
3.00500000E+001 -0.201006
3.00750000E+001 -0.200778
3.01000000E+001 -0.20055
3.01250000E+001 -0.200323
3.01500000E+001 -0.200097
3.01750000E+001 -0.199871
3.02000000E+001 -0.199645
3.02250000E+001 -0.199419
3.02500000E+001 -0.199194
3.02750000E+001 -0.19897
3.03000000E+001 -0.198746
3.03250000E+001 -0.198522
3.03500000E+001 -0.198298
3.03750000E+001 -0.198075
3.04000000E+001 -0.197852
3.04250000E+001 -0.19763
3.04500000E+001 -0.197408
3.04750000E+001 -0.197186
3.05000000E+001 -0.196965
3.05250000E+001 -0.196744
3.05500000E+001 -0.196524
3.05750000E+001 -0.196304
3.06000000E+001 -0.196084
3.06250000E+001 -0.195865
3.06500000E+001 -0.195646
3.06750000E+001 -0.195427
3.07000000E+001 -0.195209
3.07250000E+001 -0.194991
3.07500000E+001 -0.194774
3.07750000E+001 -0.194556
3.08000000E+001 -0.19434
3.08250000E+001 -0.194123
3.08500000E+001 -0.193907
3.08750000E+001 -0.193692
3.09000000E+001 -0.193476
3.09250000E+001 -0.193261
3.09500000E+001 -0.193047
3.09750000E+001 -0.192833
3.10000000E+001 -0.192619
3.10250000E+001 -0.192405
3.10500000E+001 -0.192192
3.10750000E+001 -0.191979
3.11000000E+001 -0.191767
3.11250000E+001 -0.191555
3.11500000E+001 -0.191343
3.11750000E+001 -0.191132
3.12000000E+001 -0.190921
3.12250000E+001 -0.19071
3.12500000E+001 -0.1905
3.12750000E+001 -0.19029
3.13000000E+001 -0.19008
3.13250000E+001 -0.189871
3.13500000E+001 -0.189662
3.13750000E+001 -0.189454
3.14000000E+001 -0.189246
3.14250000E+001 -0.189038
3.14500000E+001 -0.18883
3.14750000E+001 -0.188623
3.15000000E+001 -0.188416
3.15250000E+001 -0.18821
3.15500000E+001 -0.188004
3.15750000E+001 -0.187798
3.16000000E+001 -0.187592
3.16250000E+001 -0.187387
3.16500000E+001 -0.187183
3.16750000E+001 -0.186978
3.17000000E+001 -0.186774
3.17250000E+001 -0.18657
3.17500000E+001 -0.186367
3.17750000E+001 -0.186164
3.18000000E+001 -0.185961
3.18250000E+001 -0.185759
3.18500000E+001 -0.185557
3.18750000E+001 -0.185355
3.19000000E+001 -0.185154
3.19250000E+001 -0.184952
3.19500000E+001 -0.184752
3.19750000E+001 -0.184551
3.20000000E+001 -0.184351
3.20250000E+001 -0.184151
3.20500000E+001 -0.183952
3.20750000E+001 -0.183753
3.21000000E+001 -0.183554
3.21250000E+001 -0.183356
3.21500000E+001 -0.183158
3.21750000E+001 -0.18296
3.22000000E+001 -0.182762
3.22250000E+001 -0.182565
3.22500000E+001 -0.182368
3.22750000E+001 -0.182172
3.23000000E+001 -0.181975
3.23250000E+001 -0.18178
3.23500000E+001 -0.181584
3.23750000E+001 -0.181389
3.24000000E+001 -0.181194
3.24250000E+001 -0.180999
3.24500000E+001 -0.180805
3.24750000E+001 -0.180611
3.25000000E+001 -0.180417
3.25250000E+001 -0.180224
3.25500000E+001 -0.180031
3.25750000E+001 -0.179838
3.26000000E+001 -0.179646
3.26250000E+001 -0.179454
3.26500000E+001 -0.179262
3.26750000E+001 -0.17907
3.27000000E+001 -0.178879
3.27250000E+001 -0.178688
3.27500000E+001 -0.178497
3.27750000E+001 -0.178307
3.28000000E+001 -0.178117
3.28250000E+001 -0.177928
3.28500000E+001 -0.177738
3.28750000E+001 -0.177549
3.29000000E+001 -0.17736
3.29250000E+001 -0.177172
3.29500000E+001 -0.176984
3.29750000E+001 -0.176796
3.30000000E+001 -0.176608
3.30250000E+001 -0.176421
3.30500000E+001 -0.176234
3.30750000E+001 -0.176047
3.31000000E+001 -0.175861
3.31250000E+001 -0.175675
3.31500000E+001 -0.175489
3.31750000E+001 -0.175304
3.32000000E+001 -0.175118
3.32250000E+001 -0.174933
3.32500000E+001 -0.174749
3.32750000E+001 -0.174564
3.33000000E+001 -0.17438
3.33250000E+001 -0.174197
3.33500000E+001 -0.174013
3.33750000E+001 -0.17383
3.34000000E+001 -0.173647
3.34250000E+001 -0.173465
3.34500000E+001 -0.173282
3.34750000E+001 -0.1731
3.35000000E+001 -0.172919
3.35250000E+001 -0.172737
3.35500000E+001 -0.172556
3.35750000E+001 -0.172375
3.36000000E+001 -0.172194
3.36250000E+001 -0.172014
3.36500000E+001 -0.171834
3.36750000E+001 -0.171654
3.37000000E+001 -0.171475
3.37250000E+001 -0.171296
3.37500000E+001 -0.171117
3.37750000E+001 -0.170938
3.38000000E+001 -0.17076
3.38250000E+001 -0.170582
3.38500000E+001 -0.170404
3.38750000E+001 -0.170226
3.39000000E+001 -0.170049
3.39250000E+001 -0.169872
3.39500000E+001 -0.169696
3.39750000E+001 -0.169519
3.40000000E+001 -0.169343
3.40250000E+001 -0.169167
3.40500000E+001 -0.168992
3.40750000E+001 -0.168816
3.41000000E+001 -0.168641
3.41250000E+001 -0.168466
3.41500000E+001 -0.168292
3.41750000E+001 -0.168118
3.42000000E+001 -0.167944
3.42250000E+001 -0.16777
3.42500000E+001 -0.167597
3.42750000E+001 -0.167423
3.43000000E+001 -0.16725
3.43250000E+001 -0.167078
3.43500000E+001 -0.166905
3.43750000E+001 -0.166733
3.44000000E+001 -0.166562
3.44250000E+001 -0.16639
3.44500000E+001 -0.166219
3.44750000E+001 -0.166048
3.45000000E+001 -0.165877
3.45250000E+001 -0.165706
3.45500000E+001 -0.165536
3.45750000E+001 -0.165366
3.46000000E+001 -0.165196
3.46250000E+001 -0.165027
3.46500000E+001 -0.164858
3.46750000E+001 -0.164689
3.47000000E+001 -0.16452
3.47250000E+001 -0.164351
3.47500000E+001 -0.164183
3.47750000E+001 -0.164015
3.48000000E+001 -0.163848
3.48250000E+001 -0.16368
3.48500000E+001 -0.163513
3.48750000E+001 -0.163346
3.49000000E+001 -0.163179
3.49250000E+001 -0.163013
3.49500000E+001 -0.162847
3.49750000E+001 -0.162681
3.50000000E+001 -0.162515
3.50250000E+001 -0.16235
3.50500000E+001 -0.162185
3.50750000E+001 -0.16202
3.51000000E+001 -0.161855
3.51250000E+001 -0.161691
3.51500000E+001 -0.161527
3.51750000E+001 -0.161363
3.52000000E+001 -0.161199
3.52250000E+001 -0.161036
3.52500000E+001 -0.160872
3.52750000E+001 -0.160709
3.53000000E+001 -0.160547
3.53250000E+001 -0.160384
3.53500000E+001 -0.160222
3.53750000E+001 -0.16006
3.54000000E+001 -0.159898
3.54250000E+001 -0.159737
3.54500000E+001 -0.159576
3.54750000E+001 -0.159415
3.55000000E+001 -0.159254
3.55250000E+001 -0.159093
3.55500000E+001 -0.158933
3.55750000E+001 -0.158773
3.56000000E+001 -0.158613
3.56250000E+001 -0.158454
3.56500000E+001 -0.158294
3.56750000E+001 -0.158135
3.57000000E+001 -0.157977
3.57250000E+001 -0.157818
3.57500000E+001 -0.15766
3.57750000E+001 -0.157501
3.58000000E+001 -0.157344
3.58250000E+001 -0.157186
3.58500000E+001 -0.157028
3.58750000E+001 -0.156871
3.59000000E+001 -0.156714
3.59250000E+001 -0.156557
3.59500000E+001 -0.156401
3.59750000E+001 -0.156245
3.60000000E+001 -0.156089
3.60250000E+001 -0.155933
3.60500000E+001 -0.155777
3.60750000E+001 -0.155622
3.61000000E+001 -0.155467
3.61250000E+001 -0.155312
3.61500000E+001 -0.155157
3.61750000E+001 -0.155003
3.62000000E+001 -0.154848
3.62250000E+001 -0.154694
3.62500000E+001 -0.154541
3.62750000E+001 -0.154387
3.63000000E+001 -0.154234
3.63250000E+001 -0.154081
3.63500000E+001 -0.153928
3.63750000E+001 -0.153775
3.64000000E+001 -0.153623
3.64250000E+001 -0.153471
3.64500000E+001 -0.153319
3.64750000E+001 -0.153167
3.65000000E+001 -0.153015
3.65250000E+001 -0.152864
3.65500000E+001 -0.152713
3.65750000E+001 -0.152562
3.66000000E+001 -0.152411
3.66250000E+001 -0.152261
3.66500000E+001 -0.152111
3.66750000E+001 -0.151961
3.67000000E+001 -0.151811
3.67250000E+001 -0.151661
3.67500000E+001 -0.151512
3.67750000E+001 -0.151363
3.68000000E+001 -0.151214
3.68250000E+001 -0.151065
3.68500000E+001 -0.150917
3.68750000E+001 -0.150769
3.69000000E+001 -0.15062
3.69250000E+001 -0.150473
3.69500000E+001 -0.150325
3.69750000E+001 -0.150178
3.70000000E+001 -0.15003
3.70250000E+001 -0.149883
3.70500000E+001 -0.149737
3.70750000E+001 -0.14959
3.71000000E+001 -0.149444
3.71250000E+001 -0.149298
3.71500000E+001 -0.149152
3.71750000E+001 -0.149006
3.72000000E+001 -0.14886
3.72250000E+001 -0.148715
3.72500000E+001 -0.14857
3.72750000E+001 -0.148425
3.73000000E+001 -0.14828
3.73250000E+001 -0.148136
3.73500000E+001 -0.147992
3.73750000E+001 -0.147848
3.74000000E+001 -0.147704
3.74250000E+001 -0.14756
3.74500000E+001 -0.147417
3.74750000E+001 -0.147273
3.75000000E+001 -0.14713
3.75250000E+001 -0.146987
3.75500000E+001 -0.146845
3.75750000E+001 -0.146702
3.76000000E+001 -0.14656
3.76250000E+001 -0.146418
3.76500000E+001 -0.146276
3.76750000E+001 -0.146135
3.77000000E+001 -0.145993
3.77250000E+001 -0.145852
3.77500000E+001 -0.145711
3.77750000E+001 -0.14557
3.78000000E+001 -0.145429
3.78250000E+001 -0.145289
3.78500000E+001 -0.145149
3.78750000E+001 -0.145009
3.79000000E+001 -0.144869
3.79250000E+001 -0.144729
3.79500000E+001 -0.14459
3.79750000E+001 -0.144451
3.80000000E+001 -0.144312
3.80250000E+001 -0.144173
3.80500000E+001 -0.144034
3.80750000E+001 -0.143896
3.81000000E+001 -0.143757
3.81250000E+001 -0.143619
3.81500000E+001 -0.143481
3.81750000E+001 -0.143344
3.82000000E+001 -0.143206
3.82250000E+001 -0.143069
3.82500000E+001 -0.142932
3.82750000E+001 -0.142795
3.83000000E+001 -0.142658
3.83250000E+001 -0.142522
3.83500000E+001 -0.142385
3.83750000E+001 -0.142249
3.84000000E+001 -0.142113
3.84250000E+001 -0.141977
3.84500000E+001 -0.141842
3.84750000E+001 -0.141706
3.85000000E+001 -0.141571
3.85250000E+001 -0.141436
3.85500000E+001 -0.141301
3.85750000E+001 -0.141167
3.86000000E+001 -0.141032
3.86250000E+001 -0.140898
3.86500000E+001 -0.140764
3.86750000E+001 -0.14063
3.87000000E+001 -0.140496
3.87250000E+001 -0.140363
3.87500000E+001 -0.140229
3.87750000E+001 -0.140096
3.88000000E+001 -0.139963
3.88250000E+001 -0.13983
3.88500000E+001 -0.139698
3.88750000E+001 -0.139565
3.89000000E+001 -0.139433
3.89250000E+001 -0.139301
3.89500000E+001 -0.139169
3.89750000E+001 -0.139038
3.90000000E+001 -0.138906
3.90250000E+001 -0.138775
3.90500000E+001 -0.138644
3.90750000E+001 -0.138513
3.91000000E+001 -0.138382
3.91250000E+001 -0.138251
3.91500000E+001 -0.138121
3.91750000E+001 -0.13799
3.92000000E+001 -0.13786
3.92250000E+001 -0.13773
3.92500000E+001 -0.137601
3.92750000E+001 -0.137471
3.93000000E+001 -0.137342
3.93250000E+001 -0.137213
3.93500000E+001 -0.137084
3.93750000E+001 -0.136955
3.94000000E+001 -0.136826
3.94250000E+001 -0.136698
3.94500000E+001 -0.136569
3.94750000E+001 -0.136441
3.95000000E+001 -0.136313
3.95250000E+001 -0.136185
3.95500000E+001 -0.136058
3.95750000E+001 -0.13593
3.96000000E+001 -0.135803
3.96250000E+001 -0.135676
3.96500000E+001 -0.135549
3.96750000E+001 -0.135422
3.97000000E+001 -0.135296
3.97250000E+001 -0.135169
3.97500000E+001 -0.135043
3.97750000E+001 -0.134917
3.98000000E+001 -0.134791
3.98250000E+001 -0.134665
3.98500000E+001 -0.13454
3.98750000E+001 -0.134415
3.99000000E+001 -0.134289
3.99250000E+001 -0.134164
3.99500000E+001 -0.134039
3.99750000E+001 -0.133915
4.00000000E+001 -0.13379
4.00250000E+001 -0.133666
4.00500000E+001 -0.133542
4.00750000E+001 -0.133417
4.01000000E+001 -0.133294
4.01250000E+001 -0.13317
4.01500000E+001 -0.133046
4.01750000E+001 -0.132923
4.02000000E+001 -0.1328
4.02250000E+001 -0.132677
4.02500000E+001 -0.132554
4.02750000E+001 -0.132431
4.03000000E+001 -0.132309
4.03250000E+001 -0.132186
4.03500000E+001 -0.132064
4.03750000E+001 -0.131942
4.04000000E+001 -0.13182
4.04250000E+001 -0.131698
4.04500000E+001 -0.131577
4.04750000E+001 -0.131455
4.05000000E+001 -0.131334
4.05250000E+001 -0.131213
4.05500000E+001 -0.131092
4.05750000E+001 -0.130971
4.06000000E+001 -0.130851
4.06250000E+001 -0.13073
4.06500000E+001 -0.13061
4.06750000E+001 -0.13049
4.07000000E+001 -0.13037
4.07250000E+001 -0.13025
4.07500000E+001 -0.13013
4.07750000E+001 -0.130011
4.08000000E+001 -0.129892
4.08250000E+001 -0.129772
4.08500000E+001 -0.129653
4.08750000E+001 -0.129535
4.09000000E+001 -0.129416
4.09250000E+001 -0.129297
4.09500000E+001 -0.129179
4.09750000E+001 -0.129061
4.10000000E+001 -0.128943
4.10250000E+001 -0.128825
4.10500000E+001 -0.128707
4.10750000E+001 -0.128589
4.11000000E+001 -0.128472
4.11250000E+001 -0.128355
4.11500000E+001 -0.128237
4.11750000E+001 -0.12812
4.12000000E+001 -0.128004
4.12250000E+001 -0.127887
4.12500000E+001 -0.12777
4.12750000E+001 -0.127654
4.13000000E+001 -0.127538
4.13250000E+001 -0.127422
4.13500000E+001 -0.127306
4.13750000E+001 -0.12719
4.14000000E+001 -0.127074
4.14250000E+001 -0.126959
4.14500000E+001 -0.126844
4.14750000E+001 -0.126728
4.15000000E+001 -0.126613
4.15250000E+001 -0.126498
4.15500000E+001 -0.126384
4.15750000E+001 -0.126269
4.16000000E+001 -0.126155
4.16250000E+001 -0.12604
4.16500000E+001 -0.125926
4.16750000E+001 -0.125812
4.17000000E+001 -0.125699
4.17250000E+001 -0.125585
4.17500000E+001 -0.125471
4.17750000E+001 -0.125358
4.18000000E+001 -0.125245
4.18250000E+001 -0.125132
4.18500000E+001 -0.125019
4.18750000E+001 -0.124906
4.19000000E+001 -0.124793
4.19250000E+001 -0.124681
4.19500000E+001 -0.124568
4.19750000E+001 -0.124456
4.20000000E+001 -0.124344
4.20250000E+001 -0.124232
4.20500000E+001 -0.12412
4.20750000E+001 -0.124009
4.21000000E+001 -0.123897
4.21250000E+001 -0.123786
4.21500000E+001 -0.123675
4.21750000E+001 -0.123564
4.22000000E+001 -0.123453
4.22250000E+001 -0.123342
4.22500000E+001 -0.123231
4.22750000E+001 -0.123121
4.23000000E+001 -0.12301
4.23250000E+001 -0.1229
4.23500000E+001 -0.12279
4.23750000E+001 -0.12268
4.24000000E+001 -0.12257
4.24250000E+001 -0.122461
4.24500000E+001 -0.122351
4.24750000E+001 -0.122242
4.25000000E+001 -0.122133
4.25250000E+001 -0.122024
4.25500000E+001 -0.121915
4.25750000E+001 -0.121806
4.26000000E+001 -0.121697
4.26250000E+001 -0.121589
4.26500000E+001 -0.12148
4.26750000E+001 -0.121372
4.27000000E+001 -0.121264
4.27250000E+001 -0.121156
4.27500000E+001 -0.121048
4.27750000E+001 -0.12094
4.28000000E+001 -0.120833
4.28250000E+001 -0.120725
4.28500000E+001 -0.120618
4.28750000E+001 -0.120511
4.29000000E+001 -0.120404
4.29250000E+001 -0.120297
4.29500000E+001 -0.12019
4.29750000E+001 -0.120084
4.30000000E+001 -0.119977
4.30250000E+001 -0.119871
4.30500000E+001 -0.119765
4.30750000E+001 -0.119659
4.31000000E+001 -0.119553
4.31250000E+001 -0.119447
4.31500000E+001 -0.119341
4.31750000E+001 -0.119236
4.32000000E+001 -0.11913
4.32250000E+001 -0.119025
4.32500000E+001 -0.11892
4.32750000E+001 -0.118815
4.33000000E+001 -0.11871
4.33250000E+001 -0.118605
4.33500000E+001 -0.1185
4.33750000E+001 -0.118396
4.34000000E+001 -0.118292
4.34250000E+001 -0.118187
4.34500000E+001 -0.118083
4.34750000E+001 -0.117979
4.35000000E+001 -0.117876
4.35250000E+001 -0.117772
4.35500000E+001 -0.117668
4.35750000E+001 -0.117565
4.36000000E+001 -0.117461
4.36250000E+001 -0.117358
4.36500000E+001 -0.117255
4.36750000E+001 -0.117152
4.37000000E+001 -0.11705
4.37250000E+001 -0.116947
4.37500000E+001 -0.116844
4.37750000E+001 -0.116742
4.38000000E+001 -0.11664
4.38250000E+001 -0.116537
4.38500000E+001 -0.116435
4.38750000E+001 -0.116334
4.39000000E+001 -0.116232
4.39250000E+001 -0.11613
4.39500000E+001 -0.116029
4.39750000E+001 -0.115927
4.40000000E+001 -0.115826
4.40250000E+001 -0.115725
4.40500000E+001 -0.115624
4.40750000E+001 -0.115523
4.41000000E+001 -0.115422
4.41250000E+001 -0.115321
4.41500000E+001 -0.115221
4.41750000E+001 -0.11512
4.42000000E+001 -0.11502
4.42250000E+001 -0.11492
4.42500000E+001 -0.11482
4.42750000E+001 -0.11472
4.43000000E+001 -0.11462
4.43250000E+001 -0.114521
4.43500000E+001 -0.114421
4.43750000E+001 -0.114322
4.44000000E+001 -0.114222
4.44250000E+001 -0.114123
4.44500000E+001 -0.114024
4.44750000E+001 -0.113925
4.45000000E+001 -0.113827
4.45250000E+001 -0.113728
4.45500000E+001 -0.113629
4.45750000E+001 -0.113531
4.46000000E+001 -0.113433
4.46250000E+001 -0.113334
4.46500000E+001 -0.113236
4.46750000E+001 -0.113138
4.47000000E+001 -0.11304
4.47250000E+001 -0.112943
4.47500000E+001 -0.112845
4.47750000E+001 -0.112748
4.48000000E+001 -0.11265
4.48250000E+001 -0.112553
4.48500000E+001 -0.112456
4.48750000E+001 -0.112359
4.49000000E+001 -0.112262
4.49250000E+001 -0.112165
4.49500000E+001 -0.112069
4.49750000E+001 -0.111972
4.50000000E+001 -0.111876
4.50250000E+001 -0.111779
4.50500000E+001 -0.111683
4.50750000E+001 -0.111587
4.51000000E+001 -0.111491
4.51250000E+001 -0.111395
4.51500000E+001 -0.1113
4.51750000E+001 -0.111204
4.52000000E+001 -0.111109
4.52250000E+001 -0.111013
4.52500000E+001 -0.110918
4.52750000E+001 -0.110823
4.53000000E+001 -0.110728
4.53250000E+001 -0.110633
4.53500000E+001 -0.110538
4.53750000E+001 -0.110443
4.54000000E+001 -0.110349
4.54250000E+001 -0.110254
4.54500000E+001 -0.11016
4.54750000E+001 -0.110066
4.55000000E+001 -0.109972
4.55250000E+001 -0.109878
4.55500000E+001 -0.109784
4.55750000E+001 -0.10969
4.56000000E+001 -0.109597
4.56250000E+001 -0.109503
4.56500000E+001 -0.10941
4.56750000E+001 -0.109316
4.57000000E+001 -0.109223
4.57250000E+001 -0.10913
4.57500000E+001 -0.109037
4.57750000E+001 -0.108944
4.58000000E+001 -0.108851
4.58250000E+001 -0.108759
4.58500000E+001 -0.108666
4.58750000E+001 -0.108574
4.59000000E+001 -0.108481
4.59250000E+001 -0.108389
4.59500000E+001 -0.108297
4.59750000E+001 -0.108205
4.60000000E+001 -0.108113
4.60250000E+001 -0.108022
4.60500000E+001 -0.10793
4.60750000E+001 -0.107838
4.61000000E+001 -0.107747
4.61250000E+001 -0.107656
4.61500000E+001 -0.107564
4.61750000E+001 -0.107473
4.62000000E+001 -0.107382
4.62250000E+001 -0.107291
4.62500000E+001 -0.107201
4.62750000E+001 -0.10711
4.63000000E+001 -0.107019
4.63250000E+001 -0.106929
4.63500000E+001 -0.106839
4.63750000E+001 -0.106748
4.64000000E+001 -0.106658
4.64250000E+001 -0.106568
4.64500000E+001 -0.106478
4.64750000E+001 -0.106388
4.65000000E+001 -0.106299
4.65250000E+001 -0.106209
4.65500000E+001 -0.10612
4.65750000E+001 -0.10603
4.66000000E+001 -0.105941
4.66250000E+001 -0.105852
4.66500000E+001 -0.105763
4.66750000E+001 -0.105674
4.67000000E+001 -0.105585
4.67250000E+001 -0.105496
4.67500000E+001 -0.105407
4.67750000E+001 -0.105319
4.68000000E+001 -0.105231
4.68250000E+001 -0.105142
4.68500000E+001 -0.105054
4.68750000E+001 -0.104966
4.69000000E+001 -0.104878
4.69250000E+001 -0.10479
4.69500000E+001 -0.104702
4.69750000E+001 -0.104614
4.70000000E+001 -0.104527
4.70250000E+001 -0.104439
4.70500000E+001 -0.104352
4.70750000E+001 -0.104264
4.71000000E+001 -0.104177
4.71250000E+001 -0.10409
4.71500000E+001 -0.104003
4.71750000E+001 -0.103916
4.72000000E+001 -0.103829
4.72250000E+001 -0.103743
4.72500000E+001 -0.103656
4.72750000E+001 -0.10357
4.73000000E+001 -0.103483
4.73250000E+001 -0.103397
4.73500000E+001 -0.103311
4.73750000E+001 -0.103225
4.74000000E+001 -0.103139
4.74250000E+001 -0.103053
4.74500000E+001 -0.102967
4.74750000E+001 -0.102881
4.75000000E+001 -0.102796
4.75250000E+001 -0.10271
4.75500000E+001 -0.102625
4.75750000E+001 -0.10254
4.76000000E+001 -0.102454
4.76250000E+001 -0.102369
4.76500000E+001 -0.102284
4.76750000E+001 -0.102199
4.77000000E+001 -0.102115
4.77250000E+001 -0.10203
4.77500000E+001 -0.101945
4.77750000E+001 -0.101861
4.78000000E+001 -0.101776
4.78250000E+001 -0.101692
4.78500000E+001 -0.101608
4.78750000E+001 -0.101524
4.79000000E+001 -0.10144
4.79250000E+001 -0.101356
4.79500000E+001 -0.101272
4.79750000E+001 -0.101188
4.80000000E+001 -0.101105
4.80250000E+001 -0.101021
4.80500000E+001 -0.100938
4.80750000E+001 -0.100854
4.81000000E+001 -0.100771
4.81250000E+001 -0.100688
4.81500000E+001 -0.100605
4.81750000E+001 -0.100522
4.82000000E+001 -0.100439
4.82250000E+001 -0.100356
4.82500000E+001 -0.100274
4.82750000E+001 -0.100191
4.83000000E+001 -0.100108
4.83250000E+001 -0.100026
4.83500000E+001 -0.0999438
4.83750000E+001 -0.0998616
4.84000000E+001 -0.0997795
4.84250000E+001 -0.0996975
4.84500000E+001 -0.0996156
4.84750000E+001 -0.0995337
4.85000000E+001 -0.099452
4.85250000E+001 -0.0993704
4.85500000E+001 -0.0992888
4.85750000E+001 -0.0992074
4.86000000E+001 -0.099126
4.86250000E+001 -0.0990447
4.86500000E+001 -0.0989636
4.86750000E+001 -0.0988825
4.87000000E+001 -0.0988015
4.87250000E+001 -0.0987206
4.87500000E+001 -0.0986398
4.87750000E+001 -0.0985591
4.88000000E+001 -0.0984785
4.88250000E+001 -0.0983979
4.88500000E+001 -0.0983175
4.88750000E+001 -0.0982372
4.89000000E+001 -0.0981569
4.89250000E+001 -0.0980767
4.89500000E+001 -0.0979967
4.89750000E+001 -0.0979167
4.90000000E+001 -0.0978368
4.90250000E+001 -0.097757
4.90500000E+001 -0.0976773
4.90750000E+001 -0.0975977
4.91000000E+001 -0.0975181
4.91250000E+001 -0.0974387
4.91500000E+001 -0.0973594
4.91750000E+001 -0.0972801
4.92000000E+001 -0.0972009
4.92250000E+001 -0.0971218
4.92500000E+001 -0.0970429
4.92750000E+001 -0.096964
4.93000000E+001 -0.0968851
4.93250000E+001 -0.0968064
4.93500000E+001 -0.0967278
4.93750000E+001 -0.0966492
4.94000000E+001 -0.0965708
4.94250000E+001 -0.0964924
4.94500000E+001 -0.0964141
4.94750000E+001 -0.0963359
4.95000000E+001 -0.0962578
4.95250000E+001 -0.0961798
4.95500000E+001 -0.0961019
4.95750000E+001 -0.096024
4.96000000E+001 -0.0959463
4.96250000E+001 -0.0958686
4.96500000E+001 -0.095791
4.96750000E+001 -0.0957135
4.97000000E+001 -0.0956361
4.97250000E+001 -0.0955588
4.97500000E+001 -0.0954816
4.97750000E+001 -0.0954044
4.98000000E+001 -0.0953274
4.98250000E+001 -0.0952504
4.98500000E+001 -0.0951735
4.98750000E+001 -0.0950967
4.99000000E+001 -0.09502
4.99250000E+001 -0.0949433
4.99500000E+001 -0.0948668
4.99750000E+001 -0.0947903
5.00000000E+001 -0.094714
