1.97500000E+000 405.012
2.00000000E+000 341.018
2.02500000E+000 287.012
2.05000000E+000 241.383
2.07500000E+000 202.79
2.10000000E+000 170.121
2.12500000E+000 142.445
2.15000000E+000 118.987
2.17500000E+000 99.0966
2.20000000E+000 82.2278
2.22500000E+000 67.9225
2.25000000E+000 55.7945
2.27500000E+000 45.5182
2.30000000E+000 36.8182
2.32500000E+000 29.4615
2.35000000E+000 23.2506
2.37500000E+000 18.0175
2.40000000E+000 13.6195
2.42500000E+000 9.93513
2.45000000E+000 6.86058
2.47500000E+000 4.30729
2.50000000E+000 2.19948
2.52500000E+000 0.472286
2.55000000E+000 -0.884023
2.57500000E+000 -1.69403
2.60000000E+000 -2.16746
2.62500000E+000 -2.46758
2.65000000E+000 -2.66529
2.67500000E+000 -2.7957
2.70000000E+000 -2.87849
2.72500000E+000 -2.92571
2.75000000E+000 -2.94522
2.77500000E+000 -2.94238
2.80000000E+000 -2.92104
2.82500000E+000 -2.88399
2.85000000E+000 -2.83331
2.87500000E+000 -2.77059
2.90000000E+000 -2.69704
2.92500000E+000 -2.61362
2.95000000E+000 -2.52104
2.97500000E+000 -2.41989
3.00000000E+000 -2.31062
3.02500000E+000 -2.19357
3.05000000E+000 -2.06904
3.07500000E+000 -1.93731
3.10000000E+000 -1.79861
3.12500000E+000 -1.65325
3.15000000E+000 -1.5016
3.17500000E+000 -1.34418
3.20000000E+000 -1.18171
3.22500000E+000 -1.01525
3.25000000E+000 -0.846242
3.27500000E+000 -0.676602
3.30000000E+000 -0.508741
3.32500000E+000 -0.345426
3.35000000E+000 -0.189457
3.37500000E+000 -0.0431367
3.40000000E+000 0.0923368
3.42500000E+000 0.216833
3.45000000E+000 0.330447
3.47500000E+000 0.4333
3.50000000E+000 0.525536
3.52500000E+000 0.607326
3.55000000E+000 0.67887
3.57500000E+000 0.740399
3.60000000E+000 0.792181
3.62500000E+000 0.834517
3.65000000E+000 0.867741
3.67500000E+000 0.892221
3.70000000E+000 0.908347
3.72500000E+000 0.916534
3.75000000E+000 0.917209
3.77500000E+000 0.910813
3.80000000E+000 0.89779
3.82500000E+000 0.878585
3.85000000E+000 0.853639
3.87500000E+000 0.823389
3.90000000E+000 0.788261
3.92500000E+000 0.748668
3.95000000E+000 0.705013
3.97500000E+000 0.657683
4.00000000E+000 0.607051
4.02500000E+000 0.553472
4.05000000E+000 0.497288
4.07500000E+000 0.438824
4.10000000E+000 0.378389
4.12500000E+000 0.316277
4.15000000E+000 0.252765
4.17500000E+000 0.188116
4.20000000E+000 0.122579
4.22500000E+000 0.0563881
4.25000000E+000 -0.0102372
4.27500000E+000 -0.077084
4.30000000E+000 -0.143907
4.32500000E+000 -0.210422
4.35000000E+000 -0.276331
4.37500000E+000 -0.341347
4.40000000E+000 -0.405203
4.42500000E+000 -0.467669
4.45000000E+000 -0.528546
4.47500000E+000 -0.587676
4.50000000E+000 -0.644933
4.52500000E+000 -0.70022
4.55000000E+000 -0.75347
4.57500000E+000 -0.804633
4.60000000E+000 -0.853681
4.62500000E+000 -0.900593
4.65000000E+000 -0.945362
4.67500000E+000 -0.987982
4.70000000E+000 -1.02845
4.72500000E+000 -1.06677
4.75000000E+000 -1.10294
4.77500000E+000 -1.13696
4.80000000E+000 -1.16882
4.82500000E+000 -1.19852
4.85000000E+000 -1.22606
4.87500000E+000 -1.25144
4.90000000E+000 -1.27467
4.92500000E+000 -1.29576
4.95000000E+000 -1.31473
4.97500000E+000 -1.3316
5.00000000E+000 -1.34641
5.02500000E+000 -1.35922
5.05000000E+000 -1.37008
5.07500000E+000 -1.37905
5.10000000E+000 -1.38623
5.12500000E+000 -1.39168
5.15000000E+000 -1.39551
5.17500000E+000 -1.39782
5.20000000E+000 -1.39871
5.22500000E+000 -1.39829
5.25000000E+000 -1.39667
5.27500000E+000 -1.39397
5.30000000E+000 -1.3903
5.32500000E+000 -1.38577
5.35000000E+000 -1.38049
5.37500000E+000 -1.37455
5.40000000E+000 -1.36803
5.42500000E+000 -1.36097
5.45000000E+000 -1.3534
5.47500000E+000 -1.34528
5.50000000E+000 -1.33655
5.52500000E+000 -1.32709
5.55000000E+000 -1.31675
5.57500000E+000 -1.30538
5.60000000E+000 -1.29281
5.62500000E+000 -1.27889
5.65000000E+000 -1.26349
5.67500000E+000 -1.24654
5.70000000E+000 -1.22802
5.72500000E+000 -1.20795
5.75000000E+000 -1.18644
5.77500000E+000 -1.1636
5.80000000E+000 -1.13964
5.82500000E+000 -1.11475
5.85000000E+000 -1.0892
5.87500000E+000 -1.06323
5.90000000E+000 -1.03711
5.92500000E+000 -1.01111
5.95000000E+000 -0.985478
5.97500000E+000 -0.960459
6.00000000E+000 -0.936269
6.02500000E+000 -0.913103
6.05000000E+000 -0.891128
6.07500000E+000 -0.870484
6.10000000E+000 -0.851283
6.12500000E+000 -0.83361
6.15000000E+000 -0.817526
6.17500000E+000 -0.803066
6.20000000E+000 -0.790246
6.22500000E+000 -0.779061
6.25000000E+000 -0.769489
6.27500000E+000 -0.761494
6.30000000E+000 -0.755028
6.32500000E+000 -0.750032
6.35000000E+000 -0.746438
6.37500000E+000 -0.744172
6.40000000E+000 -0.743156
6.42500000E+000 -0.743305
6.45000000E+000 -0.744534
6.47500000E+000 -0.746758
6.50000000E+000 -0.749891
6.52500000E+000 -0.753848
6.55000000E+000 -0.758544
6.57500000E+000 -0.7639
6.60000000E+000 -0.769838
6.62500000E+000 -0.776282
6.65000000E+000 -0.78316
6.67500000E+000 -0.790404
6.70000000E+000 -0.79795
6.72500000E+000 -0.805736
6.75000000E+000 -0.813704
6.77500000E+000 -0.821798
6.80000000E+000 -0.829967
6.82500000E+000 -0.838162
6.85000000E+000 -0.846335
6.87500000E+000 -0.854445
6.90000000E+000 -0.86245
6.92500000E+000 -0.870311
6.95000000E+000 -0.877992
6.97500000E+000 -0.885461
7.00000000E+000 -0.892685
7.02500000E+000 -0.899636
7.05000000E+000 -0.906287
7.07500000E+000 -0.912615
7.10000000E+000 -0.918595
7.12500000E+000 -0.924208
7.15000000E+000 -0.929437
7.17500000E+000 -0.934264
7.20000000E+000 -0.938676
7.22500000E+000 -0.942662
7.25000000E+000 -0.946213
7.27500000E+000 -0.949321
7.30000000E+000 -0.951984
7.32500000E+000 -0.954198
7.35000000E+000 -0.955966
7.37500000E+000 -0.957289
7.40000000E+000 -0.958173
7.42500000E+000 -0.958626
7.45000000E+000 -0.958656
7.47500000E+000 -0.958274
7.50000000E+000 -0.957493
7.52500000E+000 -0.956325
7.55000000E+000 -0.954785
7.57500000E+000 -0.952887
7.60000000E+000 -0.950647
7.62500000E+000 -0.94808
7.65000000E+000 -0.945203
7.67500000E+000 -0.942029
7.70000000E+000 -0.938576
7.72500000E+000 -0.934859
7.75000000E+000 -0.930893
7.77500000E+000 -0.926694
7.80000000E+000 -0.922277
7.82500000E+000 -0.917658
7.85000000E+000 -0.912852
7.87500000E+000 -0.907876
7.90000000E+000 -0.902744
7.92500000E+000 -0.897473
7.95000000E+000 -0.892079
7.97500000E+000 -0.886577
8.00000000E+000 -0.880983
8.02500000E+000 -0.875312
8.05000000E+000 -0.869578
8.07500000E+000 -0.863797
8.10000000E+000 -0.857983
8.12500000E+000 -0.852148
8.15000000E+000 -0.846306
8.17500000E+000 -0.840468
8.20000000E+000 -0.834645
8.22500000E+000 -0.828848
8.25000000E+000 -0.823086
8.27500000E+000 -0.817368
8.30000000E+000 -0.811703
8.32500000E+000 -0.806097
8.35000000E+000 -0.800559
8.37500000E+000 -0.795097
8.40000000E+000 -0.789717
8.42500000E+000 -0.784427
8.45000000E+000 -0.779237
8.47500000E+000 -0.774153
8.50000000E+000 -0.769186
8.52500000E+000 -0.764345
8.55000000E+000 -0.75964
8.57500000E+000 -0.755082
8.60000000E+000 -0.750682
8.62500000E+000 -0.746449
8.65000000E+000 -0.742395
8.67500000E+000 -0.738529
8.70000000E+000 -0.734861
8.72500000E+000 -0.731399
8.75000000E+000 -0.72815
8.77500000E+000 -0.72512
8.80000000E+000 -0.722312
8.82500000E+000 -0.719728
8.85000000E+000 -0.717371
8.87500000E+000 -0.715237
8.90000000E+000 -0.713325
8.92500000E+000 -0.71163
8.95000000E+000 -0.710144
8.97500000E+000 -0.70886
9.00000000E+000 -0.707769
9.02500000E+000 -0.70686
9.05000000E+000 -0.706121
9.07500000E+000 -0.705539
9.10000000E+000 -0.705102
9.12500000E+000 -0.704795
9.15000000E+000 -0.704603
9.17500000E+000 -0.704514
9.20000000E+000 -0.704511
9.22500000E+000 -0.70458
9.25000000E+000 -0.704708
9.27500000E+000 -0.704881
9.30000000E+000 -0.705084
9.32500000E+000 -0.705305
9.35000000E+000 -0.705531
9.37500000E+000 -0.705752
9.40000000E+000 -0.705955
9.42500000E+000 -0.706131
9.45000000E+000 -0.706271
9.47500000E+000 -0.706365
9.50000000E+000 -0.706406
9.52500000E+000 -0.706387
9.55000000E+000 -0.706301
9.57500000E+000 -0.706143
9.60000000E+000 -0.705908
9.62500000E+000 -0.705592
9.65000000E+000 -0.705191
9.67500000E+000 -0.704704
9.70000000E+000 -0.704127
9.72500000E+000 -0.70346
9.75000000E+000 -0.702701
9.77500000E+000 -0.70185
9.80000000E+000 -0.700907
9.82500000E+000 -0.699873
9.85000000E+000 -0.698748
9.87500000E+000 -0.697534
9.90000000E+000 -0.696233
9.92500000E+000 -0.694847
9.95000000E+000 -0.693378
9.97500000E+000 -0.691829
1.00000000E+001 -0.690203
1.00250000E+001 -0.688502
1.00500000E+001 -0.68673
1.00750000E+001 -0.684891
1.01000000E+001 -0.682988
1.01250000E+001 -0.681025
1.01500000E+001 -0.679006
1.01750000E+001 -0.676934
1.02000000E+001 -0.674815
1.02250000E+001 -0.672652
1.02500000E+001 -0.670449
1.02750000E+001 -0.66821
1.03000000E+001 -0.66594
1.03250000E+001 -0.663643
1.03500000E+001 -0.661323
1.03750000E+001 -0.658984
1.04000000E+001 -0.656631
1.04250000E+001 -0.654267
1.04500000E+001 -0.651896
1.04750000E+001 -0.649522
1.05000000E+001 -0.647149
1.05250000E+001 -0.64478
1.05500000E+001 -0.642419
1.05750000E+001 -0.64007
1.06000000E+001 -0.637735
1.06250000E+001 -0.635418
1.06500000E+001 -0.63312
1.06750000E+001 -0.630846
1.07000000E+001 -0.628598
1.07250000E+001 -0.626377
1.07500000E+001 -0.624186
1.07750000E+001 -0.622028
1.08000000E+001 -0.619903
1.08250000E+001 -0.617813
1.08500000E+001 -0.61576
1.08750000E+001 -0.613745
1.09000000E+001 -0.611769
1.09250000E+001 -0.609832
1.09500000E+001 -0.607936
1.09750000E+001 -0.606079
1.10000000E+001 -0.604264
1.10250000E+001 -0.602489
1.10500000E+001 -0.600755
1.10750000E+001 -0.599061
1.11000000E+001 -0.597407
1.11250000E+001 -0.595792
1.11500000E+001 -0.594216
1.11750000E+001 -0.592677
1.12000000E+001 -0.591175
1.12250000E+001 -0.589708
1.12500000E+001 -0.588276
1.12750000E+001 -0.586877
1.13000000E+001 -0.58551
1.13250000E+001 -0.584174
1.13500000E+001 -0.582868
1.13750000E+001 -0.581589
1.14000000E+001 -0.580337
1.14250000E+001 -0.57911
1.14500000E+001 -0.577906
1.14750000E+001 -0.576725
1.15000000E+001 -0.575565
1.15250000E+001 -0.574424
1.15500000E+001 -0.5733
1.15750000E+001 -0.572193
1.16000000E+001 -0.571101
1.16250000E+001 -0.570021
1.16500000E+001 -0.568954
1.16750000E+001 -0.567897
1.17000000E+001 -0.566848
1.17250000E+001 -0.565807
1.17500000E+001 -0.564771
1.17750000E+001 -0.56374
1.18000000E+001 -0.562711
1.18250000E+001 -0.561684
1.18500000E+001 -0.560657
1.18750000E+001 -0.559629
1.19000000E+001 -0.558599
1.19250000E+001 -0.557565
1.19500000E+001 -0.556526
1.19750000E+001 -0.555482
1.20000000E+001 -0.554431
1.20250000E+001 -0.553372
1.20500000E+001 -0.552304
1.20750000E+001 -0.551228
1.21000000E+001 -0.550141
1.21250000E+001 -0.549045
1.21500000E+001 -0.547937
1.21750000E+001 -0.546818
1.22000000E+001 -0.545688
1.22250000E+001 -0.544546
1.22500000E+001 -0.543393
1.22750000E+001 -0.542228
1.23000000E+001 -0.541051
1.23250000E+001 -0.539863
1.23500000E+001 -0.538664
1.23750000E+001 -0.537455
1.24000000E+001 -0.536235
1.24250000E+001 -0.535005
1.24500000E+001 -0.533766
1.24750000E+001 -0.532518
1.25000000E+001 -0.531263
1.25250000E+001 -0.53
1.25500000E+001 -0.528731
1.25750000E+001 -0.527456
1.26000000E+001 -0.526176
1.26250000E+001 -0.524892
1.26500000E+001 -0.523604
1.26750000E+001 -0.522315
1.27000000E+001 -0.521023
1.27250000E+001 -0.519731
1.27500000E+001 -0.518439
1.27750000E+001 -0.517148
1.28000000E+001 -0.515859
1.28250000E+001 -0.514572
1.28500000E+001 -0.513289
1.28750000E+001 -0.51201
1.29000000E+001 -0.510735
1.29250000E+001 -0.509466
1.29500000E+001 -0.508204
1.29750000E+001 -0.506948
1.30000000E+001 -0.505699
1.30250000E+001 -0.504459
1.30500000E+001 -0.503227
1.30750000E+001 -0.502004
1.31000000E+001 -0.50079
1.31250000E+001 -0.499585
1.31500000E+001 -0.498391
1.31750000E+001 -0.497207
1.32000000E+001 -0.496033
1.32250000E+001 -0.49487
1.32500000E+001 -0.493718
1.32750000E+001 -0.492577
1.33000000E+001 -0.491446
1.33250000E+001 -0.490327
1.33500000E+001 -0.489218
1.33750000E+001 -0.48812
1.34000000E+001 -0.487033
1.34250000E+001 -0.485957
1.34500000E+001 -0.48489
1.34750000E+001 -0.483834
1.35000000E+001 -0.482788
1.35250000E+001 -0.481752
1.35500000E+001 -0.480725
1.35750000E+001 -0.479707
1.36000000E+001 -0.478697
1.36250000E+001 -0.477696
1.36500000E+001 -0.476703
1.36750000E+001 -0.475717
1.37000000E+001 -0.474738
1.37250000E+001 -0.473766
1.37500000E+001 -0.472801
1.37750000E+001 -0.471841
1.38000000E+001 -0.470887
1.38250000E+001 -0.469937
1.38500000E+001 -0.468993
1.38750000E+001 -0.468052
1.39000000E+001 -0.467116
1.39250000E+001 -0.466183
1.39500000E+001 -0.465252
1.39750000E+001 -0.464325
1.40000000E+001 -0.4634
1.40250000E+001 -0.462477
1.40500000E+001 -0.461555
1.40750000E+001 -0.460635
1.41000000E+001 -0.459716
1.41250000E+001 -0.458798
1.41500000E+001 -0.45788
1.41750000E+001 -0.456963
1.42000000E+001 -0.456046
1.42250000E+001 -0.455129
1.42500000E+001 -0.454212
1.42750000E+001 -0.453294
1.43000000E+001 -0.452377
1.43250000E+001 -0.451459
1.43500000E+001 -0.45054
1.43750000E+001 -0.449621
1.44000000E+001 -0.448701
1.44250000E+001 -0.447781
1.44500000E+001 -0.44686
1.44750000E+001 -0.445939
1.45000000E+001 -0.445017
1.45250000E+001 -0.444095
1.45500000E+001 -0.443173
1.45750000E+001 -0.44225
1.46000000E+001 -0.441327
1.46250000E+001 -0.440404
1.46500000E+001 -0.439482
1.46750000E+001 -0.438559
1.47000000E+001 -0.437637
1.47250000E+001 -0.436716
1.47500000E+001 -0.435795
1.47750000E+001 -0.434875
1.48000000E+001 -0.433957
1.48250000E+001 -0.433039
1.48500000E+001 -0.432123
1.48750000E+001 -0.431208
1.49000000E+001 -0.430295
1.49250000E+001 -0.429384
1.49500000E+001 -0.428476
1.49750000E+001 -0.427569
1.50000000E+001 -0.426665
1.50250000E+001 -0.425763
1.50500000E+001 -0.424864
1.50750000E+001 -0.423969
1.51000000E+001 -0.423076
1.51250000E+001 -0.422186
1.51500000E+001 -0.4213
1.51750000E+001 -0.420418
1.52000000E+001 -0.419539
1.52250000E+001 -0.418664
1.52500000E+001 -0.417793
1.52750000E+001 -0.416926
1.53000000E+001 -0.416063
1.53250000E+001 -0.415204
1.53500000E+001 -0.41435
1.53750000E+001 -0.4135
1.54000000E+001 -0.412654
1.54250000E+001 -0.411813
1.54500000E+001 -0.410977
1.54750000E+001 -0.410145
1.55000000E+001 -0.409318
1.55250000E+001 -0.408495
1.55500000E+001 -0.407677
1.55750000E+001 -0.406864
1.56000000E+001 -0.406055
1.56250000E+001 -0.405251
1.56500000E+001 -0.404451
1.56750000E+001 -0.403656
1.57000000E+001 -0.402865
1.57250000E+001 -0.402078
1.57500000E+001 -0.401296
1.57750000E+001 -0.400518
1.58000000E+001 -0.399744
1.58250000E+001 -0.398974
1.58500000E+001 -0.398208
1.58750000E+001 -0.397445
1.59000000E+001 -0.396686
1.59250000E+001 -0.395931
1.59500000E+001 -0.395179
1.59750000E+001 -0.394431
1.60000000E+001 -0.393686
1.60250000E+001 -0.392943
1.60500000E+001 -0.392204
1.60750000E+001 -0.391467
1.61000000E+001 -0.390733
1.61250000E+001 -0.390002
1.61500000E+001 -0.389273
1.61750000E+001 -0.388546
1.62000000E+001 -0.387821
1.62250000E+001 -0.387098
1.62500000E+001 -0.386377
1.62750000E+001 -0.385658
1.63000000E+001 -0.38494
1.63250000E+001 -0.384224
1.63500000E+001 -0.383509
1.63750000E+001 -0.382796
1.64000000E+001 -0.382084
1.64250000E+001 -0.381373
1.64500000E+001 -0.380663
1.64750000E+001 -0.379954
1.65000000E+001 -0.379246
1.65250000E+001 -0.378539
1.65500000E+001 -0.377833
1.65750000E+001 -0.377127
1.66000000E+001 -0.376422
1.66250000E+001 -0.375718
1.66500000E+001 -0.375015
1.66750000E+001 -0.374312
1.67000000E+001 -0.373609
1.67250000E+001 -0.372908
1.67500000E+001 -0.372207
1.67750000E+001 -0.371506
1.68000000E+001 -0.370807
1.68250000E+001 -0.370108
1.68500000E+001 -0.369409
1.68750000E+001 -0.368711
1.69000000E+001 -0.368015
1.69250000E+001 -0.367318
1.69500000E+001 -0.366623
1.69750000E+001 -0.365929
1.70000000E+001 -0.365235
1.70250000E+001 -0.364543
1.70500000E+001 -0.363852
1.70750000E+001 -0.363161
1.71000000E+001 -0.362472
1.71250000E+001 -0.361785
1.71500000E+001 -0.361098
1.71750000E+001 -0.360413
1.72000000E+001 -0.35973
1.72250000E+001 -0.359048
1.72500000E+001 -0.358367
1.72750000E+001 -0.357688
1.73000000E+001 -0.357011
1.73250000E+001 -0.356336
1.73500000E+001 -0.355663
1.73750000E+001 -0.354991
1.74000000E+001 -0.354322
1.74250000E+001 -0.353655
1.74500000E+001 -0.352989
1.74750000E+001 -0.352326
1.75000000E+001 -0.351665
1.75250000E+001 -0.351007
1.75500000E+001 -0.350351
1.75750000E+001 -0.349697
1.76000000E+001 -0.349045
1.76250000E+001 -0.348396
1.76500000E+001 -0.34775
1.76750000E+001 -0.347106
1.77000000E+001 -0.346464
1.77250000E+001 -0.345825
1.77500000E+001 -0.345189
1.77750000E+001 -0.344555
1.78000000E+001 -0.343923
1.78250000E+001 -0.343294
1.78500000E+001 -0.342668
1.78750000E+001 -0.342045
1.79000000E+001 -0.341423
1.79250000E+001 -0.340805
1.79500000E+001 -0.340189
1.79750000E+001 -0.339575
1.80000000E+001 -0.338964
1.80250000E+001 -0.338356
1.80500000E+001 -0.337749
1.80750000E+001 -0.337146
1.81000000E+001 -0.336544
1.81250000E+001 -0.335945
1.81500000E+001 -0.335349
1.81750000E+001 -0.334754
1.82000000E+001 -0.334162
1.82250000E+001 -0.333572
1.82500000E+001 -0.332984
1.82750000E+001 -0.332398
1.83000000E+001 -0.331814
1.83250000E+001 -0.331232
1.83500000E+001 -0.330652
1.83750000E+001 -0.330074
1.84000000E+001 -0.329498
1.84250000E+001 -0.328924
1.84500000E+001 -0.328352
1.84750000E+001 -0.327781
1.85000000E+001 -0.327211
1.85250000E+001 -0.326644
1.85500000E+001 -0.326078
1.85750000E+001 -0.325513
1.86000000E+001 -0.32495
1.86250000E+001 -0.324389
1.86500000E+001 -0.323828
1.86750000E+001 -0.32327
1.87000000E+001 -0.322712
1.87250000E+001 -0.322156
1.87500000E+001 -0.321601
1.87750000E+001 -0.321047
1.88000000E+001 -0.320494
1.88250000E+001 -0.319943
1.88500000E+001 -0.319392
1.88750000E+001 -0.318843
1.89000000E+001 -0.318294
1.89250000E+001 -0.317747
1.89500000E+001 -0.317201
1.89750000E+001 -0.316656
1.90000000E+001 -0.316111
1.90250000E+001 -0.315568
1.90500000E+001 -0.315026
1.90750000E+001 -0.314484
1.91000000E+001 -0.313944
1.91250000E+001 -0.313404
1.91500000E+001 -0.312866
1.91750000E+001 -0.312328
1.92000000E+001 -0.311792
1.92250000E+001 -0.311256
1.92500000E+001 -0.310721
1.92750000E+001 -0.310187
1.93000000E+001 -0.309654
1.93250000E+001 -0.309122
1.93500000E+001 -0.308591
1.93750000E+001 -0.308061
1.94000000E+001 -0.307532
1.94250000E+001 -0.307004
1.94500000E+001 -0.306477
1.94750000E+001 -0.305951
1.95000000E+001 -0.305427
1.95250000E+001 -0.304903
1.95500000E+001 -0.30438
1.95750000E+001 -0.303859
1.96000000E+001 -0.303338
1.96250000E+001 -0.302819
1.96500000E+001 -0.302301
1.96750000E+001 -0.301784
1.97000000E+001 -0.301268
1.97250000E+001 -0.300754
1.97500000E+001 -0.300241
1.97750000E+001 -0.299729
1.98000000E+001 -0.299218
1.98250000E+001 -0.298709
1.98500000E+001 -0.298201
1.98750000E+001 -0.297694
1.99000000E+001 -0.297189
1.99250000E+001 -0.296685
1.99500000E+001 -0.296182
1.99750000E+001 -0.295681
2.00000000E+001 -0.295181
2.00250000E+001 -0.294683
2.00500000E+001 -0.294186
2.00750000E+001 -0.29369
2.01000000E+001 -0.293196
2.01250000E+001 -0.292704
2.01500000E+001 -0.292213
2.01750000E+001 -0.291723
2.02000000E+001 -0.291234
2.02250000E+001 -0.290748
2.02500000E+001 -0.290262
2.02750000E+001 -0.289778
2.03000000E+001 -0.289296
2.03250000E+001 -0.288815
2.03500000E+001 -0.288335
2.03750000E+001 -0.287857
2.04000000E+001 -0.28738
2.04250000E+001 -0.286905
2.04500000E+001 -0.286431
2.04750000E+001 -0.285959
2.05000000E+001 -0.285488
2.05250000E+001 -0.285018
2.05500000E+001 -0.28455
2.05750000E+001 -0.284083
2.06000000E+001 -0.283617
2.06250000E+001 -0.283153
2.06500000E+001 -0.28269
2.06750000E+001 -0.282229
2.07000000E+001 -0.281769
2.07250000E+001 -0.28131
2.07500000E+001 -0.280852
2.07750000E+001 -0.280396
2.08000000E+001 -0.27994
2.08250000E+001 -0.279486
2.08500000E+001 -0.279034
2.08750000E+001 -0.278582
2.09000000E+001 -0.278132
2.09250000E+001 -0.277682
2.09500000E+001 -0.277234
2.09750000E+001 -0.276787
2.10000000E+001 -0.276341
2.10250000E+001 -0.275897
2.10500000E+001 -0.275453
2.10750000E+001 -0.27501
2.11000000E+001 -0.274569
2.11250000E+001 -0.274128
2.11500000E+001 -0.273689
2.11750000E+001 -0.27325
2.12000000E+001 -0.272813
2.12250000E+001 -0.272377
2.12500000E+001 -0.271941
2.12750000E+001 -0.271507
2.13000000E+001 -0.271073
2.13250000E+001 -0.27064
2.13500000E+001 -0.270209
2.13750000E+001 -0.269778
2.14000000E+001 -0.269348
2.14250000E+001 -0.268919
2.14500000E+001 -0.268491
2.14750000E+001 -0.268064
2.15000000E+001 -0.267638
2.15250000E+001 -0.267213
2.15500000E+001 -0.266788
2.15750000E+001 -0.266365
2.16000000E+001 -0.265942
2.16250000E+001 -0.26552
2.16500000E+001 -0.2651
2.16750000E+001 -0.26468
2.17000000E+001 -0.264261
2.17250000E+001 -0.263842
2.17500000E+001 -0.263425
2.17750000E+001 -0.263008
2.18000000E+001 -0.262593
2.18250000E+001 -0.262178
2.18500000E+001 -0.261764
2.18750000E+001 -0.261351
2.19000000E+001 -0.260939
2.19250000E+001 -0.260528
2.19500000E+001 -0.260117
2.19750000E+001 -0.259708
2.20000000E+001 -0.259299
2.20250000E+001 -0.258892
2.20500000E+001 -0.258485
2.20750000E+001 -0.258079
2.21000000E+001 -0.257674
2.21250000E+001 -0.25727
2.21500000E+001 -0.256866
2.21750000E+001 -0.256464
2.22000000E+001 -0.256063
2.22250000E+001 -0.255662
2.22500000E+001 -0.255262
2.22750000E+001 -0.254864
2.23000000E+001 -0.254466
2.23250000E+001 -0.254069
2.23500000E+001 -0.253673
2.23750000E+001 -0.253278
2.24000000E+001 -0.252884
2.24250000E+001 -0.252491
2.24500000E+001 -0.252098
2.24750000E+001 -0.251707
2.25000000E+001 -0.251317
2.25250000E+001 -0.250927
2.25500000E+001 -0.250538
2.25750000E+001 -0.250151
2.26000000E+001 -0.249764
2.26250000E+001 -0.249378
2.26500000E+001 -0.248993
2.26750000E+001 -0.248609
2.27000000E+001 -0.248226
2.27250000E+001 -0.247844
2.27500000E+001 -0.247463
2.27750000E+001 -0.247083
2.28000000E+001 -0.246703
2.28250000E+001 -0.246325
2.28500000E+001 -0.245947
2.28750000E+001 -0.245571
2.29000000E+001 -0.245195
2.29250000E+001 -0.24482
2.29500000E+001 -0.244446
2.29750000E+001 -0.244073
2.30000000E+001 -0.243701
2.30250000E+001 -0.24333
2.30500000E+001 -0.24296
2.30750000E+001 -0.24259
2.31000000E+001 -0.242221
2.31250000E+001 -0.241854
2.31500000E+001 -0.241487
2.31750000E+001 -0.241121
2.32000000E+001 -0.240756
2.32250000E+001 -0.240391
2.32500000E+001 -0.240028
2.32750000E+001 -0.239665
2.33000000E+001 -0.239303
2.33250000E+001 -0.238942
2.33500000E+001 -0.238582
2.33750000E+001 -0.238223
2.34000000E+001 -0.237865
2.34250000E+001 -0.237507
2.34500000E+001 -0.23715
2.34750000E+001 -0.236794
2.35000000E+001 -0.236439
2.35250000E+001 -0.236084
2.35500000E+001 -0.23573
2.35750000E+001 -0.235377
2.36000000E+001 -0.235025
2.36250000E+001 -0.234674
2.36500000E+001 -0.234323
2.36750000E+001 -0.233974
2.37000000E+001 -0.233624
2.37250000E+001 -0.233276
2.37500000E+001 -0.232929
2.37750000E+001 -0.232582
2.38000000E+001 -0.232236
2.38250000E+001 -0.23189
2.38500000E+001 -0.231546
2.38750000E+001 -0.231202
2.39000000E+001 -0.230859
2.39250000E+001 -0.230517
2.39500000E+001 -0.230175
2.39750000E+001 -0.229834
2.40000000E+001 -0.229494
2.40250000E+001 -0.229154
2.40500000E+001 -0.228815
2.40750000E+001 -0.228477
2.41000000E+001 -0.22814
2.41250000E+001 -0.227803
2.41500000E+001 -0.227467
2.41750000E+001 -0.227132
2.42000000E+001 -0.226798
2.42250000E+001 -0.226464
2.42500000E+001 -0.226131
2.42750000E+001 -0.225798
2.43000000E+001 -0.225467
2.43250000E+001 -0.225136
2.43500000E+001 -0.224805
2.43750000E+001 -0.224476
2.44000000E+001 -0.224147
2.44250000E+001 -0.223818
2.44500000E+001 -0.223491
2.44750000E+001 -0.223164
2.45000000E+001 -0.222838
2.45250000E+001 -0.222512
2.45500000E+001 -0.222187
2.45750000E+001 -0.221863
2.46000000E+001 -0.22154
2.46250000E+001 -0.221217
2.46500000E+001 -0.220895
2.46750000E+001 -0.220573
2.47000000E+001 -0.220252
2.47250000E+001 -0.219932
2.47500000E+001 -0.219613
2.47750000E+001 -0.219294
2.48000000E+001 -0.218976
2.48250000E+001 -0.218659
2.48500000E+001 -0.218342
2.48750000E+001 -0.218026
2.49000000E+001 -0.21771
2.49250000E+001 -0.217396
2.49500000E+001 -0.217081
2.49750000E+001 -0.216768
2.50000000E+001 -0.216455
2.50250000E+001 -0.216143
2.50500000E+001 -0.215832
2.50750000E+001 -0.215521
2.51000000E+001 -0.215211
2.51250000E+001 -0.214901
2.51500000E+001 -0.214593
2.51750000E+001 -0.214284
2.52000000E+001 -0.213977
2.52250000E+001 -0.21367
2.52500000E+001 -0.213364
2.52750000E+001 -0.213058
2.53000000E+001 -0.212753
2.53250000E+001 -0.212449
2.53500000E+001 -0.212145
2.53750000E+001 -0.211842
2.54000000E+001 -0.21154
2.54250000E+001 -0.211238
2.54500000E+001 -0.210937
2.54750000E+001 -0.210636
2.55000000E+001 -0.210337
2.55250000E+001 -0.210037
2.55500000E+001 -0.209739
2.55750000E+001 -0.209441
2.56000000E+001 -0.209143
2.56250000E+001 -0.208847
2.56500000E+001 -0.20855
2.56750000E+001 -0.208255
2.57000000E+001 -0.20796
2.57250000E+001 -0.207666
2.57500000E+001 -0.207372
2.57750000E+001 -0.207079
2.58000000E+001 -0.206786
2.58250000E+001 -0.206495
2.58500000E+001 -0.206203
2.58750000E+001 -0.205913
2.59000000E+001 -0.205622
2.59250000E+001 -0.205333
2.59500000E+001 -0.205044
2.59750000E+001 -0.204756
2.60000000E+001 -0.204468
2.60250000E+001 -0.204181
2.60500000E+001 -0.203894
2.60750000E+001 -0.203608
2.61000000E+001 -0.203323
2.61250000E+001 -0.203038
2.61500000E+001 -0.202754
2.61750000E+001 -0.20247
2.62000000E+001 -0.202187
2.62250000E+001 -0.201905
2.62500000E+001 -0.201623
2.62750000E+001 -0.201341
2.63000000E+001 -0.201061
2.63250000E+001 -0.20078
2.63500000E+001 -0.200501
2.63750000E+001 -0.200221
2.64000000E+001 -0.199943
2.64250000E+001 -0.199665
2.64500000E+001 -0.199387
2.64750000E+001 -0.199111
2.65000000E+001 -0.198834
2.65250000E+001 -0.198559
2.65500000E+001 -0.198283
2.65750000E+001 -0.198009
2.66000000E+001 -0.197734
2.66250000E+001 -0.197461
2.66500000E+001 -0.197188
2.66750000E+001 -0.196915
2.67000000E+001 -0.196643
2.67250000E+001 -0.196372
2.67500000E+001 -0.196101
2.67750000E+001 -0.195831
2.68000000E+001 -0.195561
2.68250000E+001 -0.195292
2.68500000E+001 -0.195023
2.68750000E+001 -0.194755
2.69000000E+001 -0.194487
2.69250000E+001 -0.19422
2.69500000E+001 -0.193953
2.69750000E+001 -0.193687
2.70000000E+001 -0.193422
2.70250000E+001 -0.193157
2.70500000E+001 -0.192892
2.70750000E+001 -0.192628
2.71000000E+001 -0.192364
2.71250000E+001 -0.192102
2.71500000E+001 -0.191839
2.71750000E+001 -0.191577
2.72000000E+001 -0.191316
2.72250000E+001 -0.191055
2.72500000E+001 -0.190794
2.72750000E+001 -0.190534
2.73000000E+001 -0.190275
2.73250000E+001 -0.190016
2.73500000E+001 -0.189758
2.73750000E+001 -0.1895
2.74000000E+001 -0.189243
2.74250000E+001 -0.188986
2.74500000E+001 -0.188729
2.74750000E+001 -0.188473
2.75000000E+001 -0.188218
2.75250000E+001 -0.187963
2.75500000E+001 -0.187709
2.75750000E+001 -0.187455
2.76000000E+001 -0.187201
2.76250000E+001 -0.186948
2.76500000E+001 -0.186696
2.76750000E+001 -0.186444
2.77000000E+001 -0.186193
2.77250000E+001 -0.185942
2.77500000E+001 -0.185691
2.77750000E+001 -0.185441
2.78000000E+001 -0.185192
2.78250000E+001 -0.184943
2.78500000E+001 -0.184694
2.78750000E+001 -0.184446
2.79000000E+001 -0.184198
2.79250000E+001 -0.183951
2.79500000E+001 -0.183704
2.79750000E+001 -0.183458
2.80000000E+001 -0.183213
2.80250000E+001 -0.182967
2.80500000E+001 -0.182722
2.80750000E+001 -0.182478
2.81000000E+001 -0.182234
2.81250000E+001 -0.181991
2.81500000E+001 -0.181748
2.81750000E+001 -0.181506
2.82000000E+001 -0.181263
2.82250000E+001 -0.181022
2.82500000E+001 -0.180781
2.82750000E+001 -0.18054
2.83000000E+001 -0.1803
2.83250000E+001 -0.18006
2.83500000E+001 -0.179821
2.83750000E+001 -0.179582
2.84000000E+001 -0.179344
2.84250000E+001 -0.179106
2.84500000E+001 -0.178868
2.84750000E+001 -0.178631
2.85000000E+001 -0.178395
2.85250000E+001 -0.178159
2.85500000E+001 -0.177923
2.85750000E+001 -0.177688
2.86000000E+001 -0.177453
2.86250000E+001 -0.177219
2.86500000E+001 -0.176985
2.86750000E+001 -0.176751
2.87000000E+001 -0.176518
2.87250000E+001 -0.176286
2.87500000E+001 -0.176053
2.87750000E+001 -0.175822
2.88000000E+001 -0.17559
2.88250000E+001 -0.17536
2.88500000E+001 -0.175129
2.88750000E+001 -0.174899
2.89000000E+001 -0.17467
2.89250000E+001 -0.17444
2.89500000E+001 -0.174212
2.89750000E+001 -0.173983
2.90000000E+001 -0.173756
2.90250000E+001 -0.173528
2.90500000E+001 -0.173301
2.90750000E+001 -0.173075
2.91000000E+001 -0.172848
2.91250000E+001 -0.172623
2.91500000E+001 -0.172397
2.91750000E+001 -0.172172
2.92000000E+001 -0.171948
2.92250000E+001 -0.171724
2.92500000E+001 -0.1715
2.92750000E+001 -0.171277
2.93000000E+001 -0.171054
2.93250000E+001 -0.170832
2.93500000E+001 -0.17061
2.93750000E+001 -0.170388
2.94000000E+001 -0.170167
2.94250000E+001 -0.169946
2.94500000E+001 -0.169726
2.94750000E+001 -0.169506
2.95000000E+001 -0.169286
2.95250000E+001 -0.169067
2.95500000E+001 -0.168848
2.95750000E+001 -0.16863
2.96000000E+001 -0.168412
2.96250000E+001 -0.168194
2.96500000E+001 -0.167977
2.96750000E+001 -0.16776
2.97000000E+001 -0.167544
2.97250000E+001 -0.167328
2.97500000E+001 -0.167112
2.97750000E+001 -0.166897
2.98000000E+001 -0.166682
2.98250000E+001 -0.166468
2.98500000E+001 -0.166254
2.98750000E+001 -0.16604
2.99000000E+001 -0.165827
2.99250000E+001 -0.165614
2.99500000E+001 -0.165401
2.99750000E+001 -0.165189
3.00000000E+001 -0.164978
3.00250000E+001 -0.164766
3.00500000E+001 -0.164555
3.00750000E+001 -0.164345
3.01000000E+001 -0.164135
3.01250000E+001 -0.163925
3.01500000E+001 -0.163715
3.01750000E+001 -0.163506
3.02000000E+001 -0.163298
3.02250000E+001 -0.163089
3.02500000E+001 -0.162881
3.02750000E+001 -0.162674
3.03000000E+001 -0.162467
3.03250000E+001 -0.16226
3.03500000E+001 -0.162053
3.03750000E+001 -0.161847
3.04000000E+001 -0.161641
3.04250000E+001 -0.161436
3.04500000E+001 -0.161231
3.04750000E+001 -0.161026
3.05000000E+001 -0.160822
3.05250000E+001 -0.160618
3.05500000E+001 -0.160415
3.05750000E+001 -0.160212
3.06000000E+001 -0.160009
3.06250000E+001 -0.159806
3.06500000E+001 -0.159604
3.06750000E+001 -0.159403
3.07000000E+001 -0.159201
3.07250000E+001 -0.159
3.07500000E+001 -0.1588
3.07750000E+001 -0.158599
3.08000000E+001 -0.158399
3.08250000E+001 -0.1582
3.08500000E+001 -0.158
3.08750000E+001 -0.157802
3.09000000E+001 -0.157603
3.09250000E+001 -0.157405
3.09500000E+001 -0.157207
3.09750000E+001 -0.157009
3.10000000E+001 -0.156812
3.10250000E+001 -0.156615
3.10500000E+001 -0.156419
3.10750000E+001 -0.156223
3.11000000E+001 -0.156027
3.11250000E+001 -0.155832
3.11500000E+001 -0.155637
3.11750000E+001 -0.155442
3.12000000E+001 -0.155247
3.12250000E+001 -0.155053
3.12500000E+001 -0.15486
3.12750000E+001 -0.154666
3.13000000E+001 -0.154473
3.13250000E+001 -0.154281
3.13500000E+001 -0.154088
3.13750000E+001 -0.153896
3.14000000E+001 -0.153704
3.14250000E+001 -0.153513
3.14500000E+001 -0.153322
3.14750000E+001 -0.153131
3.15000000E+001 -0.152941
3.15250000E+001 -0.152751
3.15500000E+001 -0.152561
3.15750000E+001 -0.152372
3.16000000E+001 -0.152183
3.16250000E+001 -0.151994
3.16500000E+001 -0.151806
3.16750000E+001 -0.151618
3.17000000E+001 -0.15143
3.17250000E+001 -0.151242
3.17500000E+001 -0.151055
3.17750000E+001 -0.150869
3.18000000E+001 -0.150682
3.18250000E+001 -0.150496
3.18500000E+001 -0.15031
3.18750000E+001 -0.150125
3.19000000E+001 -0.14994
3.19250000E+001 -0.149755
3.19500000E+001 -0.14957
3.19750000E+001 -0.149386
3.20000000E+001 -0.149202
3.20250000E+001 -0.149018
3.20500000E+001 -0.148835
3.20750000E+001 -0.148652
3.21000000E+001 -0.14847
3.21250000E+001 -0.148287
3.21500000E+001 -0.148105
3.21750000E+001 -0.147924
3.22000000E+001 -0.147742
3.22250000E+001 -0.147561
3.22500000E+001 -0.14738
3.22750000E+001 -0.1472
3.23000000E+001 -0.14702
3.23250000E+001 -0.14684
3.23500000E+001 -0.14666
3.23750000E+001 -0.146481
3.24000000E+001 -0.146302
3.24250000E+001 -0.146123
3.24500000E+001 -0.145945
3.24750000E+001 -0.145767
3.25000000E+001 -0.145589
3.25250000E+001 -0.145412
3.25500000E+001 -0.145235
3.25750000E+001 -0.145058
3.26000000E+001 -0.144881
3.26250000E+001 -0.144705
3.26500000E+001 -0.144529
3.26750000E+001 -0.144354
3.27000000E+001 -0.144178
3.27250000E+001 -0.144003
3.27500000E+001 -0.143829
3.27750000E+001 -0.143654
3.28000000E+001 -0.14348
3.28250000E+001 -0.143306
3.28500000E+001 -0.143132
3.28750000E+001 -0.142959
3.29000000E+001 -0.142786
3.29250000E+001 -0.142613
3.29500000E+001 -0.142441
3.29750000E+001 -0.142269
3.30000000E+001 -0.142097
3.30250000E+001 -0.141926
3.30500000E+001 -0.141754
3.30750000E+001 -0.141583
3.31000000E+001 -0.141413
3.31250000E+001 -0.141242
3.31500000E+001 -0.141072
3.31750000E+001 -0.140902
3.32000000E+001 -0.140733
3.32250000E+001 -0.140563
3.32500000E+001 -0.140394
3.32750000E+001 -0.140226
3.33000000E+001 -0.140057
3.33250000E+001 -0.139889
3.33500000E+001 -0.139721
3.33750000E+001 -0.139554
3.34000000E+001 -0.139386
3.34250000E+001 -0.139219
3.34500000E+001 -0.139052
3.34750000E+001 -0.138886
3.35000000E+001 -0.13872
3.35250000E+001 -0.138554
3.35500000E+001 -0.138388
3.35750000E+001 -0.138223
3.36000000E+001 -0.138057
3.36250000E+001 -0.137893
3.36500000E+001 -0.137728
3.36750000E+001 -0.137564
3.37000000E+001 -0.1374
3.37250000E+001 -0.137236
3.37500000E+001 -0.137072
3.37750000E+001 -0.136909
3.38000000E+001 -0.136746
3.38250000E+001 -0.136583
3.38500000E+001 -0.136421
3.38750000E+001 -0.136259
3.39000000E+001 -0.136097
3.39250000E+001 -0.135935
3.39500000E+001 -0.135774
3.39750000E+001 -0.135613
3.40000000E+001 -0.135452
3.40250000E+001 -0.135291
3.40500000E+001 -0.135131
3.40750000E+001 -0.134971
3.41000000E+001 -0.134811
3.41250000E+001 -0.134652
3.41500000E+001 -0.134492
3.41750000E+001 -0.134333
3.42000000E+001 -0.134175
3.42250000E+001 -0.134016
3.42500000E+001 -0.133858
3.42750000E+001 -0.1337
3.43000000E+001 -0.133542
3.43250000E+001 -0.133385
3.43500000E+001 -0.133227
3.43750000E+001 -0.13307
3.44000000E+001 -0.132914
3.44250000E+001 -0.132757
3.44500000E+001 -0.132601
3.44750000E+001 -0.132445
3.45000000E+001 -0.132289
3.45250000E+001 -0.132134
3.45500000E+001 -0.131979
3.45750000E+001 -0.131824
3.46000000E+001 -0.131669
3.46250000E+001 -0.131515
3.46500000E+001 -0.13136
3.46750000E+001 -0.131206
3.47000000E+001 -0.131053
3.47250000E+001 -0.130899
3.47500000E+001 -0.130746
3.47750000E+001 -0.130593
3.48000000E+001 -0.13044
3.48250000E+001 -0.130288
3.48500000E+001 -0.130136
3.48750000E+001 -0.129984
3.49000000E+001 -0.129832
3.49250000E+001 -0.12968
3.49500000E+001 -0.129529
3.49750000E+001 -0.129378
3.50000000E+001 -0.129227
3.50250000E+001 -0.129077
3.50500000E+001 -0.128927
3.50750000E+001 -0.128776
3.51000000E+001 -0.128627
3.51250000E+001 -0.128477
3.51500000E+001 -0.128328
3.51750000E+001 -0.128179
3.52000000E+001 -0.12803
3.52250000E+001 -0.127881
3.52500000E+001 -0.127733
3.52750000E+001 -0.127585
3.53000000E+001 -0.127437
3.53250000E+001 -0.127289
3.53500000E+001 -0.127141
3.53750000E+001 -0.126994
3.54000000E+001 -0.126847
3.54250000E+001 -0.1267
3.54500000E+001 -0.126554
3.54750000E+001 -0.126408
3.55000000E+001 -0.126262
3.55250000E+001 -0.126116
3.55500000E+001 -0.12597
3.55750000E+001 -0.125825
3.56000000E+001 -0.12568
3.56250000E+001 -0.125535
3.56500000E+001 -0.12539
3.56750000E+001 -0.125245
3.57000000E+001 -0.125101
3.57250000E+001 -0.124957
3.57500000E+001 -0.124813
3.57750000E+001 -0.12467
3.58000000E+001 -0.124526
3.58250000E+001 -0.124383
3.58500000E+001 -0.12424
3.58750000E+001 -0.124098
3.59000000E+001 -0.123955
3.59250000E+001 -0.123813
3.59500000E+001 -0.123671
3.59750000E+001 -0.123529
3.60000000E+001 -0.123388
3.60250000E+001 -0.123246
3.60500000E+001 -0.123105
3.60750000E+001 -0.122964
3.61000000E+001 -0.122824
3.61250000E+001 -0.122683
3.61500000E+001 -0.122543
3.61750000E+001 -0.122403
3.62000000E+001 -0.122263
3.62250000E+001 -0.122124
3.62500000E+001 -0.121984
3.62750000E+001 -0.121845
3.63000000E+001 -0.121706
3.63250000E+001 -0.121567
3.63500000E+001 -0.121429
3.63750000E+001 -0.121291
3.64000000E+001 -0.121153
3.64250000E+001 -0.121015
3.64500000E+001 -0.120877
3.64750000E+001 -0.12074
3.65000000E+001 -0.120602
3.65250000E+001 -0.120465
3.65500000E+001 -0.120329
3.65750000E+001 -0.120192
3.66000000E+001 -0.120056
3.66250000E+001 -0.119919
3.66500000E+001 -0.119783
3.66750000E+001 -0.119648
3.67000000E+001 -0.119512
3.67250000E+001 -0.119377
3.67500000E+001 -0.119242
3.67750000E+001 -0.119107
3.68000000E+001 -0.118972
3.68250000E+001 -0.118837
3.68500000E+001 -0.118703
3.68750000E+001 -0.118569
3.69000000E+001 -0.118435
3.69250000E+001 -0.118301
3.69500000E+001 -0.118168
3.69750000E+001 -0.118035
3.70000000E+001 -0.117902
3.70250000E+001 -0.117769
3.70500000E+001 -0.117636
3.70750000E+001 -0.117504
3.71000000E+001 -0.117371
3.71250000E+001 -0.117239
3.71500000E+001 -0.117107
3.71750000E+001 -0.116976
3.72000000E+001 -0.116844
3.72250000E+001 -0.116713
3.72500000E+001 -0.116582
3.72750000E+001 -0.116451
3.73000000E+001 -0.11632
3.73250000E+001 -0.11619
3.73500000E+001 -0.11606
3.73750000E+001 -0.115929
3.74000000E+001 -0.1158
3.74250000E+001 -0.11567
3.74500000E+001 -0.11554
3.74750000E+001 -0.115411
3.75000000E+001 -0.115282
3.75250000E+001 -0.115153
3.75500000E+001 -0.115024
3.75750000E+001 -0.114896
3.76000000E+001 -0.114768
3.76250000E+001 -0.114639
3.76500000E+001 -0.114511
3.76750000E+001 -0.114384
3.77000000E+001 -0.114256
3.77250000E+001 -0.114129
3.77500000E+001 -0.114002
3.77750000E+001 -0.113875
3.78000000E+001 -0.113748
3.78250000E+001 -0.113621
3.78500000E+001 -0.113495
3.78750000E+001 -0.113369
3.79000000E+001 -0.113243
3.79250000E+001 -0.113117
3.79500000E+001 -0.112991
3.79750000E+001 -0.112866
3.80000000E+001 -0.11274
3.80250000E+001 -0.112615
3.80500000E+001 -0.11249
3.80750000E+001 -0.112366
3.81000000E+001 -0.112241
3.81250000E+001 -0.112117
3.81500000E+001 -0.111993
3.81750000E+001 -0.111869
3.82000000E+001 -0.111745
3.82250000E+001 -0.111621
3.82500000E+001 -0.111498
3.82750000E+001 -0.111375
3.83000000E+001 -0.111252
3.83250000E+001 -0.111129
3.83500000E+001 -0.111006
3.83750000E+001 -0.110883
3.84000000E+001 -0.110761
3.84250000E+001 -0.110639
3.84500000E+001 -0.110517
3.84750000E+001 -0.110395
3.85000000E+001 -0.110274
3.85250000E+001 -0.110152
3.85500000E+001 -0.110031
3.85750000E+001 -0.10991
3.86000000E+001 -0.109789
3.86250000E+001 -0.109668
3.86500000E+001 -0.109548
3.86750000E+001 -0.109427
3.87000000E+001 -0.109307
3.87250000E+001 -0.109187
3.87500000E+001 -0.109067
3.87750000E+001 -0.108948
3.88000000E+001 -0.108828
3.88250000E+001 -0.108709
3.88500000E+001 -0.10859
3.88750000E+001 -0.108471
3.89000000E+001 -0.108352
3.89250000E+001 -0.108234
3.89500000E+001 -0.108115
3.89750000E+001 -0.107997
3.90000000E+001 -0.107879
3.90250000E+001 -0.107761
3.90500000E+001 -0.107643
3.90750000E+001 -0.107526
3.91000000E+001 -0.107408
3.91250000E+001 -0.107291
3.91500000E+001 -0.107174
3.91750000E+001 -0.107057
3.92000000E+001 -0.10694
3.92250000E+001 -0.106824
3.92500000E+001 -0.106708
3.92750000E+001 -0.106591
3.93000000E+001 -0.106475
3.93250000E+001 -0.106359
3.93500000E+001 -0.106244
3.93750000E+001 -0.106128
3.94000000E+001 -0.106013
3.94250000E+001 -0.105898
3.94500000E+001 -0.105783
3.94750000E+001 -0.105668
3.95000000E+001 -0.105553
3.95250000E+001 -0.105439
3.95500000E+001 -0.105324
3.95750000E+001 -0.10521
3.96000000E+001 -0.105096
3.96250000E+001 -0.104982
3.96500000E+001 -0.104869
3.96750000E+001 -0.104755
3.97000000E+001 -0.104642
3.97250000E+001 -0.104529
3.97500000E+001 -0.104415
3.97750000E+001 -0.104303
3.98000000E+001 -0.10419
3.98250000E+001 -0.104077
3.98500000E+001 -0.103965
3.98750000E+001 -0.103853
3.99000000E+001 -0.103741
3.99250000E+001 -0.103629
3.99500000E+001 -0.103517
3.99750000E+001 -0.103405
4.00000000E+001 -0.103294
4.00250000E+001 -0.103183
4.00500000E+001 -0.103072
4.00750000E+001 -0.102961
4.01000000E+001 -0.10285
4.01250000E+001 -0.102739
4.01500000E+001 -0.102629
4.01750000E+001 -0.102519
4.02000000E+001 -0.102408
4.02250000E+001 -0.102298
4.02500000E+001 -0.102189
4.02750000E+001 -0.102079
4.03000000E+001 -0.101969
4.03250000E+001 -0.10186
4.03500000E+001 -0.101751
4.03750000E+001 -0.101642
4.04000000E+001 -0.101533
4.04250000E+001 -0.101424
4.04500000E+001 -0.101316
4.04750000E+001 -0.101207
4.05000000E+001 -0.101099
4.05250000E+001 -0.100991
4.05500000E+001 -0.100883
4.05750000E+001 -0.100775
4.06000000E+001 -0.100667
4.06250000E+001 -0.10056
4.06500000E+001 -0.100452
4.06750000E+001 -0.100345
4.07000000E+001 -0.100238
4.07250000E+001 -0.100131
4.07500000E+001 -0.100024
4.07750000E+001 -0.0999179
4.08000000E+001 -0.0998114
4.08250000E+001 -0.0997051
4.08500000E+001 -0.099599
4.08750000E+001 -0.099493
4.09000000E+001 -0.0993871
4.09250000E+001 -0.0992814
4.09500000E+001 -0.0991759
4.09750000E+001 -0.0990705
4.10000000E+001 -0.0989652
4.10250000E+001 -0.0988601
4.10500000E+001 -0.0987551
4.10750000E+001 -0.0986503
4.11000000E+001 -0.0985457
4.11250000E+001 -0.0984411
4.11500000E+001 -0.0983368
4.11750000E+001 -0.0982325
4.12000000E+001 -0.0981285
4.12250000E+001 -0.0980245
4.12500000E+001 -0.0979208
4.12750000E+001 -0.0978171
4.13000000E+001 -0.0977136
4.13250000E+001 -0.0976103
4.13500000E+001 -0.0975071
4.13750000E+001 -0.097404
4.14000000E+001 -0.0973011
4.14250000E+001 -0.0971983
4.14500000E+001 -0.0970957
4.14750000E+001 -0.0969932
4.15000000E+001 -0.0968908
4.15250000E+001 -0.0967886
4.15500000E+001 -0.0966866
4.15750000E+001 -0.0965847
4.16000000E+001 -0.0964829
4.16250000E+001 -0.0963813
4.16500000E+001 -0.0962798
4.16750000E+001 -0.0961784
4.17000000E+001 -0.0960772
4.17250000E+001 -0.0959761
4.17500000E+001 -0.0958752
4.17750000E+001 -0.0957744
4.18000000E+001 -0.0956738
4.18250000E+001 -0.0955733
4.18500000E+001 -0.0954729
4.18750000E+001 -0.0953727
4.19000000E+001 -0.0952726
4.19250000E+001 -0.0951726
4.19500000E+001 -0.0950728
4.19750000E+001 -0.0949731
4.20000000E+001 -0.0948736
4.20250000E+001 -0.0947742
4.20500000E+001 -0.0946749
4.20750000E+001 -0.0945758
4.21000000E+001 -0.0944768
4.21250000E+001 -0.094378
4.21500000E+001 -0.0942793
4.21750000E+001 -0.0941807
4.22000000E+001 -0.0940822
4.22250000E+001 -0.0939839
4.22500000E+001 -0.0938857
4.22750000E+001 -0.0937877
4.23000000E+001 -0.0936898
4.23250000E+001 -0.093592
4.23500000E+001 -0.0934944
4.23750000E+001 -0.0933969
4.24000000E+001 -0.0932995
4.24250000E+001 -0.0932023
4.24500000E+001 -0.0931052
4.24750000E+001 -0.0930082
4.25000000E+001 -0.0929114
4.25250000E+001 -0.0928147
4.25500000E+001 -0.0927181
4.25750000E+001 -0.0926217
4.26000000E+001 -0.0925254
4.26250000E+001 -0.0924292
4.26500000E+001 -0.0923332
4.26750000E+001 -0.0922373
4.27000000E+001 -0.0921415
4.27250000E+001 -0.0920458
4.27500000E+001 -0.0919503
4.27750000E+001 -0.0918549
4.28000000E+001 -0.0917597
4.28250000E+001 -0.0916645
4.28500000E+001 -0.0915695
4.28750000E+001 -0.0914747
4.29000000E+001 -0.0913799
4.29250000E+001 -0.0912853
4.29500000E+001 -0.0911908
4.29750000E+001 -0.0910965
4.30000000E+001 -0.0910022
4.30250000E+001 -0.0909081
4.30500000E+001 -0.0908142
4.30750000E+001 -0.0907203
4.31000000E+001 -0.0906266
4.31250000E+001 -0.090533
4.31500000E+001 -0.0904396
4.31750000E+001 -0.0903462
4.32000000E+001 -0.090253
4.32250000E+001 -0.0901599
4.32500000E+001 -0.090067
4.32750000E+001 -0.0899741
4.33000000E+001 -0.0898814
4.33250000E+001 -0.0897889
4.33500000E+001 -0.0896964
4.33750000E+001 -0.0896041
4.34000000E+001 -0.0895119
4.34250000E+001 -0.0894198
4.34500000E+001 -0.0893278
4.34750000E+001 -0.089236
4.35000000E+001 -0.0891443
4.35250000E+001 -0.0890527
4.35500000E+001 -0.0889612
4.35750000E+001 -0.0888699
4.36000000E+001 -0.0887787
4.36250000E+001 -0.0886876
4.36500000E+001 -0.0885966
4.36750000E+001 -0.0885057
4.37000000E+001 -0.088415
4.37250000E+001 -0.0883244
4.37500000E+001 -0.0882339
4.37750000E+001 -0.0881435
4.38000000E+001 -0.0880533
4.38250000E+001 -0.0879632
4.38500000E+001 -0.0878732
4.38750000E+001 -0.0877833
4.39000000E+001 -0.0876935
4.39250000E+001 -0.0876039
4.39500000E+001 -0.0875143
4.39750000E+001 -0.0874249
4.40000000E+001 -0.0873357
4.40250000E+001 -0.0872465
4.40500000E+001 -0.0871574
4.40750000E+001 -0.0870685
4.41000000E+001 -0.0869797
4.41250000E+001 -0.086891
4.41500000E+001 -0.0868024
4.41750000E+001 -0.086714
4.42000000E+001 -0.0866257
4.42250000E+001 -0.0865374
4.42500000E+001 -0.0864493
4.42750000E+001 -0.0863613
4.43000000E+001 -0.0862735
4.43250000E+001 -0.0861857
4.43500000E+001 -0.0860981
4.43750000E+001 -0.0860106
4.44000000E+001 -0.0859232
4.44250000E+001 -0.0858359
4.44500000E+001 -0.0857487
4.44750000E+001 -0.0856616
4.45000000E+001 -0.0855747
4.45250000E+001 -0.0854879
4.45500000E+001 -0.0854012
4.45750000E+001 -0.0853146
4.46000000E+001 -0.0852281
4.46250000E+001 -0.0851417
4.46500000E+001 -0.0850555
4.46750000E+001 -0.0849693
4.47000000E+001 -0.0848833
4.47250000E+001 -0.0847974
4.47500000E+001 -0.0847116
4.47750000E+001 -0.0846259
4.48000000E+001 -0.0845403
4.48250000E+001 -0.0844548
4.48500000E+001 -0.0843695
4.48750000E+001 -0.0842843
4.49000000E+001 -0.0841991
4.49250000E+001 -0.0841141
4.49500000E+001 -0.0840292
4.49750000E+001 -0.0839444
4.50000000E+001 -0.0838597
4.50250000E+001 -0.0837752
4.50500000E+001 -0.0836907
4.50750000E+001 -0.0836064
4.51000000E+001 -0.0835221
4.51250000E+001 -0.083438
4.51500000E+001 -0.083354
4.51750000E+001 -0.0832701
4.52000000E+001 -0.0831863
4.52250000E+001 -0.0831026
4.52500000E+001 -0.083019
4.52750000E+001 -0.0829356
4.53000000E+001 -0.0828522
4.53250000E+001 -0.082769
4.53500000E+001 -0.0826858
4.53750000E+001 -0.0826028
4.54000000E+001 -0.0825198
4.54250000E+001 -0.082437
4.54500000E+001 -0.0823543
4.54750000E+001 -0.0822717
4.55000000E+001 -0.0821892
4.55250000E+001 -0.0821068
4.55500000E+001 -0.0820246
4.55750000E+001 -0.0819424
4.56000000E+001 -0.0818603
4.56250000E+001 -0.0817784
4.56500000E+001 -0.0816965
4.56750000E+001 -0.0816148
4.57000000E+001 -0.0815331
4.57250000E+001 -0.0814516
4.57500000E+001 -0.0813702
4.57750000E+001 -0.0812888
4.58000000E+001 -0.0812076
4.58250000E+001 -0.0811265
4.58500000E+001 -0.0810455
4.58750000E+001 -0.0809646
4.59000000E+001 -0.0808838
4.59250000E+001 -0.0808031
4.59500000E+001 -0.0807225
4.59750000E+001 -0.080642
4.60000000E+001 -0.0805616
4.60250000E+001 -0.0804814
4.60500000E+001 -0.0804012
4.60750000E+001 -0.0803211
4.61000000E+001 -0.0802411
4.61250000E+001 -0.0801613
4.61500000E+001 -0.0800815
4.61750000E+001 -0.0800019
4.62000000E+001 -0.0799223
4.62250000E+001 -0.0798428
4.62500000E+001 -0.0797635
4.62750000E+001 -0.0796842
4.63000000E+001 -0.0796051
4.63250000E+001 -0.079526
4.63500000E+001 -0.0794471
4.63750000E+001 -0.0793683
4.64000000E+001 -0.0792895
4.64250000E+001 -0.0792109
4.64500000E+001 -0.0791323
4.64750000E+001 -0.0790539
4.65000000E+001 -0.0789755
4.65250000E+001 -0.0788973
4.65500000E+001 -0.0788192
4.65750000E+001 -0.0787411
4.66000000E+001 -0.0786632
4.66250000E+001 -0.0785853
4.66500000E+001 -0.0785076
4.66750000E+001 -0.07843
4.67000000E+001 -0.0783524
4.67250000E+001 -0.078275
4.67500000E+001 -0.0781976
4.67750000E+001 -0.0781204
4.68000000E+001 -0.0780432
4.68250000E+001 -0.0779662
4.68500000E+001 -0.0778892
4.68750000E+001 -0.0778124
4.69000000E+001 -0.0777356
4.69250000E+001 -0.077659
4.69500000E+001 -0.0775824
4.69750000E+001 -0.0775059
4.70000000E+001 -0.0774296
4.70250000E+001 -0.0773533
4.70500000E+001 -0.0772771
4.70750000E+001 -0.077201
4.71000000E+001 -0.0771251
4.71250000E+001 -0.0770492
4.71500000E+001 -0.0769734
4.71750000E+001 -0.0768977
4.72000000E+001 -0.0768221
4.72250000E+001 -0.0767466
4.72500000E+001 -0.0766712
4.72750000E+001 -0.0765959
4.73000000E+001 -0.0765207
4.73250000E+001 -0.0764456
4.73500000E+001 -0.0763705
4.73750000E+001 -0.0762956
4.74000000E+001 -0.0762208
4.74250000E+001 -0.076146
4.74500000E+001 -0.0760714
4.74750000E+001 -0.0759968
4.75000000E+001 -0.0759224
4.75250000E+001 -0.075848
4.75500000E+001 -0.0757737
4.75750000E+001 -0.0756996
4.76000000E+001 -0.0756255
4.76250000E+001 -0.0755515
4.76500000E+001 -0.0754776
4.76750000E+001 -0.0754038
4.77000000E+001 -0.0753301
4.77250000E+001 -0.0752565
4.77500000E+001 -0.0751829
4.77750000E+001 -0.0751095
4.78000000E+001 -0.0750362
4.78250000E+001 -0.0749629
4.78500000E+001 -0.0748898
4.78750000E+001 -0.0748167
4.79000000E+001 -0.0747437
4.79250000E+001 -0.0746708
4.79500000E+001 -0.074598
4.79750000E+001 -0.0745253
4.80000000E+001 -0.0744527
4.80250000E+001 -0.0743802
4.80500000E+001 -0.0743078
4.80750000E+001 -0.0742354
4.81000000E+001 -0.0741632
4.81250000E+001 -0.074091
4.81500000E+001 -0.074019
4.81750000E+001 -0.073947
4.82000000E+001 -0.0738751
4.82250000E+001 -0.0738033
4.82500000E+001 -0.0737316
4.82750000E+001 -0.07366
4.83000000E+001 -0.0735884
4.83250000E+001 -0.073517
4.83500000E+001 -0.0734456
4.83750000E+001 -0.0733744
4.84000000E+001 -0.0733032
4.84250000E+001 -0.0732321
4.84500000E+001 -0.0731611
4.84750000E+001 -0.0730902
4.85000000E+001 -0.0730194
4.85250000E+001 -0.0729487
4.85500000E+001 -0.072878
4.85750000E+001 -0.0728075
4.86000000E+001 -0.072737
4.86250000E+001 -0.0726666
4.86500000E+001 -0.0725963
4.86750000E+001 -0.0725261
4.87000000E+001 -0.072456
4.87250000E+001 -0.0723859
4.87500000E+001 -0.072316
4.87750000E+001 -0.0722461
4.88000000E+001 -0.0721763
4.88250000E+001 -0.0721067
4.88500000E+001 -0.072037
4.88750000E+001 -0.0719675
4.89000000E+001 -0.0718981
4.89250000E+001 -0.0718287
4.89500000E+001 -0.0717595
4.89750000E+001 -0.0716903
4.90000000E+001 -0.0716212
4.90250000E+001 -0.0715522
4.90500000E+001 -0.0714833
4.90750000E+001 -0.0714145
4.91000000E+001 -0.0713457
4.91250000E+001 -0.071277
4.91500000E+001 -0.0712085
4.91750000E+001 -0.07114
4.92000000E+001 -0.0710715
4.92250000E+001 -0.0710032
4.92500000E+001 -0.070935
4.92750000E+001 -0.0708668
4.93000000E+001 -0.0707987
4.93250000E+001 -0.0707307
4.93500000E+001 -0.0706628
4.93750000E+001 -0.070595
4.94000000E+001 -0.0705272
4.94250000E+001 -0.0704596
4.94500000E+001 -0.070392
4.94750000E+001 -0.0703245
4.95000000E+001 -0.0702571
4.95250000E+001 -0.0701898
4.95500000E+001 -0.0701225
4.95750000E+001 -0.0700553
4.96000000E+001 -0.0699882
4.96250000E+001 -0.0699212
4.96500000E+001 -0.0698543
4.96750000E+001 -0.0697875
4.97000000E+001 -0.0697207
4.97250000E+001 -0.069654
4.97500000E+001 -0.0695874
4.97750000E+001 -0.0695209
4.98000000E+001 -0.0694545
4.98250000E+001 -0.0693881
4.98500000E+001 -0.0693219
4.98750000E+001 -0.0692557
4.99000000E+001 -0.0691896
4.99250000E+001 -0.0691235
4.99500000E+001 -0.0690576
4.99750000E+001 -0.0689917
5.00000000E+001 -0.0689259
